phi3 		phi8 		V[GeV^4]
-1		-1.73205	0
-1		-1.58771	-3.62565E-4
-1		-1.44338	-4.15409E-4
-1		-1.29904	2.77534E-5
-1		-1.1547	2.80798E-4
-1		-1.01036	4.4386E-5
-1		-0.86603	-3.82202E-4
-1		-0.72169	-3.12903E-4
-1		-0.57735	-5.54495E-5
-1		-0.43301	-3.04352E-4
-1		-0.28868	-3.6513E-4
-1		-0.14434	6.99215E-5
-1		0		3.14709E-4
-1		0.14434	6.99215E-5
-1		0.28868	-3.6513E-4
-1		0.43301	-3.04352E-4
-1		0.57735	-5.54495E-5
-1		0.72169	-3.12903E-4
-1		0.86603	-3.82202E-4
-1		1.01036	4.4386E-5
-1		1.1547	2.80798E-4
-1		1.29904	2.77534E-5
-1		1.44338	-4.15409E-4
-1		1.58771	-3.62565E-4
-1		1.73205	3.90313E-18
-0.91667	-1.73205	-2.99259E-4
-0.91667	-1.58771	-4.74407E-4
-0.91667	-1.44338	-5.42869E-4
-0.91667	-1.29904	-1.38964E-4
-0.91667	-1.1547	9.65122E-5
-0.91667	-1.01036	-1.22256E-4
-0.91667	-0.86603	-5.09513E-4
-0.91667	-0.72169	-4.24519E-4
-0.91667	-0.57735	-3.54409E-4
-0.91667	-0.43301	-4.15931E-4
-0.91667	-0.28868	-4.92366E-4
-0.91667	-0.14434	-9.66082E-5
-0.91667	0		1.30572E-4
-0.91667	0.14434	-9.66082E-5
-0.91667	0.28868	-4.92366E-4
-0.91667	0.43301	-4.15931E-4
-0.91667	0.57735	-3.54409E-4
-0.91667	0.72169	-4.24519E-4
-0.91667	0.86603	-5.09513E-4
-0.91667	1.01036	-1.22256E-4
-0.91667	1.1547	9.65122E-5
-0.91667	1.29904	-1.38964E-4
-0.91667	1.44338	-5.42869E-4
-0.91667	1.58771	-4.74407E-4
-0.91667	1.73205	-2.99259E-4
-0.83333	-1.73205	-6.78682E-4
-0.83333	-1.58771	-4.96394E-4
-0.83333	-1.44338	-6.06271E-4
-0.83333	-1.29904	-3.15724E-4
-0.83333	-1.1547	-1.31542E-4
-0.83333	-1.01036	-2.98948E-4
-0.83333	-0.86603	-5.72778E-4
-0.83333	-0.72169	-4.46301E-4
-0.83333	-0.57735	-7.33557E-4
-0.83333	-0.43301	-4.37678E-4
-0.83333	-0.28868	-5.55562E-4
-0.83333	-0.14434	-2.73198E-4
-0.83333	0		-9.73446E-5
-0.83333	0.14434	-2.73198E-4
-0.83333	0.28868	-5.55562E-4
-0.83333	0.43301	-4.37678E-4
-0.83333	0.57735	-7.33557E-4
-0.83333	0.72169	-4.46301E-4
-0.83333	0.86603	-5.72778E-4
-0.83333	1.01036	-2.98948E-4
-0.83333	1.1547	-1.31542E-4
-0.83333	1.29904	-3.15724E-4
-0.83333	1.44338	-6.06271E-4
-0.83333	1.58771	-4.96394E-4
-0.83333	1.73205	-6.78682E-4
-0.75		-1.73205	-8.17242E-4
-0.75		-1.58771	-3.52741E-4
-0.75		-1.44338	-4.41812E-4
-0.75		-1.29904	-3.24794E-4
-0.75		-1.1547	-2.2113E-4
-0.75		-1.01036	-3.07956E-4
-0.75		-0.86603	-4.08195E-4
-0.75		-0.72169	-3.02462E-4
-0.75		-0.57735	-8.7187E-4
-0.75		-0.43301	-2.93809E-4
-0.75		-0.28868	-3.90917E-4
-0.75		-0.14434	-2.82113E-4
-0.75		0		-1.86809E-4
-0.75		0.14434	-2.82113E-4
-0.75		0.28868	-3.90917E-4
-0.75		0.43301	-2.93809E-4
-0.75		0.57735	-8.7187E-4
-0.75		0.72169	-3.02462E-4
-0.75		0.86603	-4.08195E-4
-0.75		1.01036	-3.07956E-4
-0.75		1.1547	-2.2113E-4
-0.75		1.29904	-3.24794E-4
-0.75		1.44338	-4.41812E-4
-0.75		1.58771	-3.52741E-4
-0.75		1.73205	-8.17242E-4
-0.66667	-1.73205	-7.60907E-4
-0.66667	-1.58771	-2.04299E-4
-0.66667	-1.44338	-1.40042E-4
-0.66667	-1.29904	-2.3242E-4
-0.66667	-1.1547	-2.3099E-4
-0.66667	-1.01036	-2.15526E-4
-0.66667	-0.86603	-1.06314E-4
-0.66667	-0.72169	-1.53853E-4
-0.66667	-0.57735	-8.15313E-4
-0.66667	-0.43301	-1.45172E-4
-0.66667	-0.28868	-8.89812E-5
-0.66667	-0.14434	-1.896E-4
-0.66667	0		-1.96559E-4
-0.66667	0.14434	-1.896E-4
-0.66667	0.28868	-8.89812E-5
-0.66667	0.43301	-1.45172E-4
-0.66667	0.57735	-8.15313E-4
-0.66667	0.72169	-1.53853E-4
-0.66667	0.86603	-1.06314E-4
-0.66667	1.01036	-2.15526E-4
-0.66667	1.1547	-2.3099E-4
-0.66667	1.29904	-2.3242E-4
-0.66667	1.44338	-1.40042E-4
-0.66667	1.58771	-2.04299E-4
-0.66667	1.73205	-7.60907E-4
-0.58333	-1.73205	-6.14008E-4
-0.58333	-1.58771	-9.88234E-5
-0.58333	-1.44338	1.67992E-4
-0.58333	-1.29904	-1.30545E-4
-0.58333	-1.1547	-2.42489E-4
-0.58333	-1.01036	-1.13603E-4
-0.58333	-0.86603	2.01818E-4
-0.58333	-0.72169	-4.82315E-5
-0.58333	-0.57735	-6.68218E-4
-0.58333	-0.43301	-3.95261E-5
-0.58333	-0.28868	2.19199E-4
-0.58333	-0.14434	-8.76039E-5
-0.58333	0		-2.0796E-4
-0.58333	0.14434	-8.76039E-5
-0.58333	0.28868	2.19199E-4
-0.58333	0.43301	-3.95261E-5
-0.58333	0.57735	-6.68218E-4
-0.58333	0.72169	-4.82315E-5
-0.58333	0.86603	2.01818E-4
-0.58333	1.01036	-1.13603E-4
-0.58333	1.1547	-2.42489E-4
-0.58333	1.29904	-1.30545E-4
-0.58333	1.44338	1.67992E-4
-0.58333	1.58771	-9.88234E-5
-0.58333	1.73205	-6.14008E-4
-0.5		-1.73205	-4.75701E-4
-0.5		-1.58771	-5.00417E-5
-0.5		-1.44338	3.07151E-4
-0.5		-1.29904	-9.04688E-5
-0.5		-1.1547	-3.13014E-4
-0.5		-1.01036	-7.34842E-5
-0.5		-0.86603	3.41062E-4
-0.5		-0.72169	6.77358E-7
-0.5		-0.57735	-5.29742E-4
-0.5		-0.43301	9.40392E-6
-0.5		-0.28868	3.58485E-4
-0.5		-0.14434	-4.74216E-5
-0.5		0		-2.78401E-4
-0.5		0.14434	-4.74216E-5
-0.5		0.28868	3.58485E-4
-0.5		0.43301	9.40392E-6
-0.5		0.57735	-5.29742E-4
-0.5		0.72169	6.77358E-7
-0.5		0.86603	3.41062E-4
-0.5		1.01036	-7.34842E-5
-0.5		1.1547	-3.13014E-4
-0.5		1.29904	-9.04688E-5
-0.5		1.44338	3.07151E-4
-0.5		1.58771	-5.00417E-5
-0.5		1.73205	-4.75701E-4
-0.41667	-1.73205	-4.01018E-4
-0.41667	-1.58771	-8.59569E-5
-0.41667	-1.44338	1.72152E-4
-0.41667	-1.29904	-1.35097E-4
-0.41667	-1.1547	-4.47179E-4
-0.41667	-1.01036	-1.18077E-4
-0.41667	-0.86603	2.06134E-4
-0.41667	-0.72169	-3.51303E-5
-0.41667	-0.57735	-4.54915E-4
-0.41667	-0.43301	-2.63859E-5
-0.41667	-0.28868	2.23594E-4
-0.41667	-0.14434	-9.19607E-5
-0.41667	0		-4.12494E-4
-0.41667	0.14434	-9.19607E-5
-0.41667	0.28868	2.23594E-4
-0.41667	0.43301	-2.63859E-5
-0.41667	0.57735	-4.54915E-4
-0.41667	0.72169	-3.51303E-5
-0.41667	0.86603	2.06134E-4
-0.41667	1.01036	-1.18077E-4
-0.41667	1.1547	-4.47179E-4
-0.41667	1.29904	-1.35097E-4
-0.41667	1.44338	1.72152E-4
-0.41667	1.58771	-8.59569E-5
-0.41667	1.73205	-4.01018E-4
-0.33333	-1.73205	-3.8535E-4
-0.33333	-1.58771	-1.83667E-4
-0.33333	-1.44338	-1.31727E-4
-0.33333	-1.29904	-2.36433E-4
-0.33333	-1.1547	-5.89958E-4
-0.33333	-1.01036	-2.19383E-4
-0.33333	-0.86603	-9.76866E-5
-0.33333	-0.72169	-1.32752E-4
-0.33333	-0.57735	-4.39129E-4
-0.33333	-0.43301	-1.23993E-4
-0.33333	-0.28868	-8.01977E-5
-0.33333	-0.14434	-1.93223E-4
-0.33333	0		-5.55215E-4
-0.33333	0.14434	-1.93223E-4
-0.33333	0.28868	-8.01977E-5
-0.33333	0.43301	-1.23993E-4
-0.33333	0.57735	-4.39129E-4
-0.33333	0.72169	-1.32752E-4
-0.33333	0.86603	-9.76866E-5
-0.33333	1.01036	-2.19383E-4
-0.33333	1.1547	-5.89958E-4
-0.33333	1.29904	-2.36433E-4
-0.33333	1.44338	-1.31727E-4
-0.33333	1.58771	-1.83667E-4
-0.33333	1.73205	-3.8535E-4
-0.25		-1.73205	-3.71314E-4
-0.25		-1.58771	-2.71878E-4
-0.25		-1.44338	-4.29352E-4
-0.25		-1.29904	-3.80753E-4
-0.25		-1.1547	-6.42199E-4
-0.25		-1.01036	-3.6368E-4
-0.25		-0.86603	-3.95266E-4
-0.25		-0.72169	-2.20895E-4
-0.25		-0.57735	-4.25002E-4
-0.25		-0.43301	-2.12125E-4
-0.25		-0.28868	-3.77754E-4
-0.25		-0.14434	-3.37486E-4
-0.25		0		-6.0741E-4
-0.25		0.14434	-3.37486E-4
-0.25		0.28868	-3.77754E-4
-0.25		0.43301	-2.12125E-4
-0.25		0.57735	-4.25002E-4
-0.25		0.72169	-2.20895E-4
-0.25		0.86603	-3.95266E-4
-0.25		1.01036	-3.6368E-4
-0.25		1.1547	-6.42199E-4
-0.25		1.29904	-3.80753E-4
-0.25		1.44338	-4.29352E-4
-0.25		1.58771	-2.71878E-4
-0.25		1.73205	-3.71314E-4
-0.16667	-1.73205	-2.77548E-4
-0.16667	-1.58771	-2.58652E-4
-0.16667	-1.44338	-5.89681E-4
-0.16667	-1.29904	-5.20306E-4
-0.16667	-1.1547	-4.99575E-4
-0.16667	-1.01036	-5.03218E-4
-0.16667	-0.86603	-5.55562E-4
-0.16667	-0.72169	-2.0762E-4
-0.16667	-0.57735	-3.31171E-4
-0.16667	-0.43301	-1.98841E-4
-0.16667	-0.28868	-5.38034E-4
-0.16667	-0.14434	-4.76999E-4
-0.16667	0		-4.64753E-4
-0.16667	0.14434	-4.76999E-4
-0.16667	0.28868	-5.38034E-4
-0.16667	0.43301	-1.98841E-4
-0.16667	0.57735	-3.31171E-4
-0.16667	0.72169	-2.0762E-4
-0.16667	0.86603	-5.55562E-4
-0.16667	1.01036	-5.03218E-4
-0.16667	1.1547	-4.99575E-4
-0.16667	1.29904	-5.20306E-4
-0.16667	1.44338	-5.89681E-4
-0.16667	1.58771	-2.58652E-4
-0.16667	1.73205	-2.77548E-4
-0.08333	-1.73205	-4.53197E-5
-0.08333	-1.58771	-7.7746E-5
-0.08333	-1.44338	-5.22169E-4
-0.08333	-1.29904	-4.94247E-4
-0.08333	-1.1547	-1.16125E-4
-0.08333	-1.01036	-4.77149E-4
-0.08333	-0.86603	-4.8803E-4
-0.08333	-0.72169	-2.66847E-5
-0.08333	-0.57735	-9.89034E-5
-0.08333	-0.43301	-1.79012E-5
-0.08333	-0.28868	-4.70492E-4
-0.08333	-0.14434	-4.50915E-4
-0.08333	0		-8.12838E-5
-0.08333	0.14434	-4.50915E-4
-0.08333	0.28868	-4.70492E-4
-0.08333	0.43301	-1.79012E-5
-0.08333	0.57735	-9.89034E-5
-0.08333	0.72169	-2.66847E-5
-0.08333	0.86603	-4.8803E-4
-0.08333	1.01036	-4.77149E-4
-0.08333	1.1547	-1.16125E-4
-0.08333	1.29904	-4.94247E-4
-0.08333	1.44338	-5.22169E-4
-0.08333	1.58771	-7.7746E-5
-0.08333	1.73205	-4.53197E-5
0		-1.73205	1.09664E-4
0		-1.58771	5.96307E-5
0		-1.44338	-4.24112E-4
0		-1.29904	-4.14442E-4
0		-1.1547	1.35529E-4
0		-1.01036	-3.9734E-4
0		-0.86603	-3.89967E-4
0		-0.72169	1.10702E-4
0		-0.57735	5.60935E-5
0		-0.43301	1.19487E-4
0		-0.28868	-3.72426E-4
0		-0.14434	-3.71102E-4
0		0		1.70377E-4
0		0.14434	-3.71102E-4
0		0.28868	-3.72426E-4
0		0.43301	1.19487E-4
0		0.57735	5.60935E-5
0		0.72169	1.10702E-4
0		0.86603	-3.89967E-4
0		1.01036	-3.9734E-4
0		1.1547	1.35529E-4
0		1.29904	-4.14442E-4
0		1.44338	-4.24112E-4
0		1.58771	5.96307E-5
0		1.73205	1.09664E-4
0.08333	-1.73205	-4.53197E-5
0.08333	-1.58771	-7.7746E-5
0.08333	-1.44338	-5.22169E-4
0.08333	-1.29904	-4.94247E-4
0.08333	-1.1547	-1.16125E-4
0.08333	-1.01036	-4.77149E-4
0.08333	-0.86603	-4.8803E-4
0.08333	-0.72169	-2.66847E-5
0.08333	-0.57735	-9.89034E-5
0.08333	-0.43301	-1.79012E-5
0.08333	-0.28868	-4.70492E-4
0.08333	-0.14434	-4.50915E-4
0.08333	0		-8.12838E-5
0.08333	0.14434	-4.50915E-4
0.08333	0.28868	-4.70492E-4
0.08333	0.43301	-1.79012E-5
0.08333	0.57735	-9.89034E-5
0.08333	0.72169	-2.66847E-5
0.08333	0.86603	-4.8803E-4
0.08333	1.01036	-4.77149E-4
0.08333	1.1547	-1.16125E-4
0.08333	1.29904	-4.94247E-4
0.08333	1.44338	-5.22169E-4
0.08333	1.58771	-7.7746E-5
0.08333	1.73205	-4.53197E-5
0.16667	-1.73205	-2.77548E-4
0.16667	-1.58771	-2.58652E-4
0.16667	-1.44338	-5.89681E-4
0.16667	-1.29904	-5.20306E-4
0.16667	-1.1547	-4.99575E-4
0.16667	-1.01036	-5.03218E-4
0.16667	-0.86603	-5.55562E-4
0.16667	-0.72169	-2.0762E-4
0.16667	-0.57735	-3.31171E-4
0.16667	-0.43301	-1.98841E-4
0.16667	-0.28868	-5.38034E-4
0.16667	-0.14434	-4.76999E-4
0.16667	0		-4.64753E-4
0.16667	0.14434	-4.76999E-4
0.16667	0.28868	-5.38034E-4
0.16667	0.43301	-1.98841E-4
0.16667	0.57735	-3.31171E-4
0.16667	0.72169	-2.0762E-4
0.16667	0.86603	-5.55562E-4
0.16667	1.01036	-5.03218E-4
0.16667	1.1547	-4.99575E-4
0.16667	1.29904	-5.20306E-4
0.16667	1.44338	-5.89681E-4
0.16667	1.58771	-2.58652E-4
0.16667	1.73205	-2.77548E-4
0.25		-1.73205	-3.71314E-4
0.25		-1.58771	-2.71878E-4
0.25		-1.44338	-4.29352E-4
0.25		-1.29904	-3.80753E-4
0.25		-1.1547	-6.42199E-4
0.25		-1.01036	-3.6368E-4
0.25		-0.86603	-3.95266E-4
0.25		-0.72169	-2.20895E-4
0.25		-0.57735	-4.25002E-4
0.25		-0.43301	-2.12125E-4
0.25		-0.28868	-3.77754E-4
0.25		-0.14434	-3.37486E-4
0.25		0		-6.0741E-4
0.25		0.14434	-3.37486E-4
0.25		0.28868	-3.77754E-4
0.25		0.43301	-2.12125E-4
0.25		0.57735	-4.25002E-4
0.25		0.72169	-2.20895E-4
0.25		0.86603	-3.95266E-4
0.25		1.01036	-3.6368E-4
0.25		1.1547	-6.42199E-4
0.25		1.29904	-3.80753E-4
0.25		1.44338	-4.29352E-4
0.25		1.58771	-2.71878E-4
0.25		1.73205	-3.71314E-4
0.33333	-1.73205	-3.8535E-4
0.33333	-1.58771	-1.83667E-4
0.33333	-1.44338	-1.31727E-4
0.33333	-1.29904	-2.36433E-4
0.33333	-1.1547	-5.89958E-4
0.33333	-1.01036	-2.19383E-4
0.33333	-0.86603	-9.76866E-5
0.33333	-0.72169	-1.32752E-4
0.33333	-0.57735	-4.39129E-4
0.33333	-0.43301	-1.23993E-4
0.33333	-0.28868	-8.01977E-5
0.33333	-0.14434	-1.93223E-4
0.33333	0		-5.55215E-4
0.33333	0.14434	-1.93223E-4
0.33333	0.28868	-8.01977E-5
0.33333	0.43301	-1.23993E-4
0.33333	0.57735	-4.39129E-4
0.33333	0.72169	-1.32752E-4
0.33333	0.86603	-9.76866E-5
0.33333	1.01036	-2.19383E-4
0.33333	1.1547	-5.89958E-4
0.33333	1.29904	-2.36433E-4
0.33333	1.44338	-1.31727E-4
0.33333	1.58771	-1.83667E-4
0.33333	1.73205	-3.8535E-4
0.41667	-1.73205	-4.01018E-4
0.41667	-1.58771	-8.59569E-5
0.41667	-1.44338	1.72152E-4
0.41667	-1.29904	-1.35097E-4
0.41667	-1.1547	-4.47179E-4
0.41667	-1.01036	-1.18077E-4
0.41667	-0.86603	2.06134E-4
0.41667	-0.72169	-3.51303E-5
0.41667	-0.57735	-4.54915E-4
0.41667	-0.43301	-2.63859E-5
0.41667	-0.28868	2.23594E-4
0.41667	-0.14434	-9.19607E-5
0.41667	0		-4.12494E-4
0.41667	0.14434	-9.19607E-5
0.41667	0.28868	2.23594E-4
0.41667	0.43301	-2.63859E-5
0.41667	0.57735	-4.54915E-4
0.41667	0.72169	-3.51303E-5
0.41667	0.86603	2.06134E-4
0.41667	1.01036	-1.18077E-4
0.41667	1.1547	-4.47179E-4
0.41667	1.29904	-1.35097E-4
0.41667	1.44338	1.72152E-4
0.41667	1.58771	-8.59569E-5
0.41667	1.73205	-4.01018E-4
0.5		-1.73205	-4.75701E-4
0.5		-1.58771	-5.00417E-5
0.5		-1.44338	3.07151E-4
0.5		-1.29904	-9.04688E-5
0.5		-1.1547	-3.13014E-4
0.5		-1.01036	-7.34842E-5
0.5		-0.86603	3.41062E-4
0.5		-0.72169	6.77358E-7
0.5		-0.57735	-5.29742E-4
0.5		-0.43301	9.40392E-6
0.5		-0.28868	3.58485E-4
0.5		-0.14434	-4.74216E-5
0.5		0		-2.78401E-4
0.5		0.14434	-4.74216E-5
0.5		0.28868	3.58485E-4
0.5		0.43301	9.40392E-6
0.5		0.57735	-5.29742E-4
0.5		0.72169	6.77358E-7
0.5		0.86603	3.41062E-4
0.5		1.01036	-7.34842E-5
0.5		1.1547	-3.13014E-4
0.5		1.29904	-9.04688E-5
0.5		1.44338	3.07151E-4
0.5		1.58771	-5.00417E-5
0.5		1.73205	-4.75701E-4
0.58333	-1.73205	-6.14008E-4
0.58333	-1.58771	-9.88234E-5
0.58333	-1.44338	1.67992E-4
0.58333	-1.29904	-1.30545E-4
0.58333	-1.1547	-2.42489E-4
0.58333	-1.01036	-1.13603E-4
0.58333	-0.86603	2.01818E-4
0.58333	-0.72169	-4.82315E-5
0.58333	-0.57735	-6.68218E-4
0.58333	-0.43301	-3.95261E-5
0.58333	-0.28868	2.19199E-4
0.58333	-0.14434	-8.76039E-5
0.58333	0		-2.0796E-4
0.58333	0.14434	-8.76039E-5
0.58333	0.28868	2.19199E-4
0.58333	0.43301	-3.95261E-5
0.58333	0.57735	-6.68218E-4
0.58333	0.72169	-4.82315E-5
0.58333	0.86603	2.01818E-4
0.58333	1.01036	-1.13603E-4
0.58333	1.1547	-2.42489E-4
0.58333	1.29904	-1.30545E-4
0.58333	1.44338	1.67992E-4
0.58333	1.58771	-9.88234E-5
0.58333	1.73205	-6.14008E-4
0.66667	-1.73205	-7.60907E-4
0.66667	-1.58771	-2.04299E-4
0.66667	-1.44338	-1.40042E-4
0.66667	-1.29904	-2.3242E-4
0.66667	-1.1547	-2.3099E-4
0.66667	-1.01036	-2.15526E-4
0.66667	-0.86603	-1.06314E-4
0.66667	-0.72169	-1.53853E-4
0.66667	-0.57735	-8.15313E-4
0.66667	-0.43301	-1.45172E-4
0.66667	-0.28868	-8.89812E-5
0.66667	-0.14434	-1.896E-4
0.66667	0		-1.96559E-4
0.66667	0.14434	-1.896E-4
0.66667	0.28868	-8.89812E-5
0.66667	0.43301	-1.45172E-4
0.66667	0.57735	-8.15313E-4
0.66667	0.72169	-1.53853E-4
0.66667	0.86603	-1.06314E-4
0.66667	1.01036	-2.15526E-4
0.66667	1.1547	-2.3099E-4
0.66667	1.29904	-2.3242E-4
0.66667	1.44338	-1.40042E-4
0.66667	1.58771	-2.04299E-4
0.66667	1.73205	-7.60907E-4
0.75		-1.73205	-8.17242E-4
0.75		-1.58771	-3.52741E-4
0.75		-1.44338	-4.41812E-4
0.75		-1.29904	-3.24794E-4
0.75		-1.1547	-2.2113E-4
0.75		-1.01036	-3.07956E-4
0.75		-0.86603	-4.08195E-4
0.75		-0.72169	-3.02462E-4
0.75		-0.57735	-8.7187E-4
0.75		-0.43301	-2.93809E-4
0.75		-0.28868	-3.90917E-4
0.75		-0.14434	-2.82113E-4
0.75		0		-1.86809E-4
0.75		0.14434	-2.82113E-4
0.75		0.28868	-3.90917E-4
0.75		0.43301	-2.93809E-4
0.75		0.57735	-8.7187E-4
0.75		0.72169	-3.02462E-4
0.75		0.86603	-4.08195E-4
0.75		1.01036	-3.07956E-4
0.75		1.1547	-2.2113E-4
0.75		1.29904	-3.24794E-4
0.75		1.44338	-4.41812E-4
0.75		1.58771	-3.52741E-4
0.75		1.73205	-8.17242E-4
0.83333	-1.73205	-6.78682E-4
0.83333	-1.58771	-4.96394E-4
0.83333	-1.44338	-6.06271E-4
0.83333	-1.29904	-3.15724E-4
0.83333	-1.1547	-1.31542E-4
0.83333	-1.01036	-2.98948E-4
0.83333	-0.86603	-5.72778E-4
0.83333	-0.72169	-4.46301E-4
0.83333	-0.57735	-7.33557E-4
0.83333	-0.43301	-4.37678E-4
0.83333	-0.28868	-5.55562E-4
0.83333	-0.14434	-2.73198E-4
0.83333	0		-9.73446E-5
0.83333	0.14434	-2.73198E-4
0.83333	0.28868	-5.55562E-4
0.83333	0.43301	-4.37678E-4
0.83333	0.57735	-7.33557E-4
0.83333	0.72169	-4.46301E-4
0.83333	0.86603	-5.72778E-4
0.83333	1.01036	-2.98948E-4
0.83333	1.1547	-1.31542E-4
0.83333	1.29904	-3.15724E-4
0.83333	1.44338	-6.06271E-4
0.83333	1.58771	-4.96394E-4
0.83333	1.73205	-6.78682E-4
0.91667	-1.73205	-2.99259E-4
0.91667	-1.58771	-4.74407E-4
0.91667	-1.44338	-5.42869E-4
0.91667	-1.29904	-1.38964E-4
0.91667	-1.1547	9.65122E-5
0.91667	-1.01036	-1.22256E-4
0.91667	-0.86603	-5.09513E-4
0.91667	-0.72169	-4.24519E-4
0.91667	-0.57735	-3.54409E-4
0.91667	-0.43301	-4.15931E-4
0.91667	-0.28868	-4.92366E-4
0.91667	-0.14434	-9.66082E-5
0.91667	0		1.30572E-4
0.91667	0.14434	-9.66082E-5
0.91667	0.28868	-4.92366E-4
0.91667	0.43301	-4.15931E-4
0.91667	0.57735	-3.54409E-4
0.91667	0.72169	-4.24519E-4
0.91667	0.86603	-5.09513E-4
0.91667	1.01036	-1.22256E-4
0.91667	1.1547	9.65122E-5
0.91667	1.29904	-1.38964E-4
0.91667	1.44338	-5.42869E-4
0.91667	1.58771	-4.74407E-4
0.91667	1.73205	-2.99259E-4
1		-1.73205	-3.36103E-17
1		-1.58771	-3.62565E-4
1		-1.44338	-4.15409E-4
1		-1.29904	2.77534E-5
1		-1.1547	2.80798E-4
1		-1.01036	4.4386E-5
1		-0.86603	-3.82202E-4
1		-0.72169	-3.12903E-4
1		-0.57735	-5.54495E-5
1		-0.43301	-3.04352E-4
1		-0.28868	-3.6513E-4
1		-0.14434	6.99215E-5
1		0		3.14709E-4
1		0.14434	6.99215E-5
1		0.28868	-3.6513E-4
1		0.43301	-3.04352E-4
1		0.57735	-5.54495E-5
1		0.72169	-3.12903E-4
1		0.86603	-3.82202E-4
1		1.01036	4.4386E-5
1		1.1547	2.80798E-4
1		1.29904	2.77534E-5
1		1.44338	-4.15409E-4
1		1.58771	-3.62565E-4
1		1.73205	-4.41812E-17