T [MeV]	muB/T	nB/T^3
100	0	0.
100	0.5	0.00024687368886945084
100	1.	0.000581015209776884
100	1.5	0.0011255865149713076
100	2.	0.0020877186868046927
100	2.5	0.003834836537297711
100	3.	0.007025076375844443
100	3.5	0.012838861373804104
100	4.	0.02340539335911552
105	0	0.
105	0.5	0.0006921576316626438
105	1.	0.0015868054842519564
105	1.5	0.002958962847812371
105	2.	0.005251200103589799
105	2.5	0.00922236809331972
105	3.	0.016204173565193863
105	3.5	0.028573092285961908
105	4.	0.05067384696916732
110	0	0.
110	0.5	0.001425831095457649
110	1.	0.003238964999222965
110	1.5	0.0059595397833892855
110	2.	0.010420396101037864
110	2.5	0.01806030838248998
110	3.	0.03144814173440838
110	3.5	0.05527617531614254
110	4.	0.09835460337663704
115	0	0.
115	0.5	0.0026489715507870886
115	1.	0.00598646766843365
115	1.5	0.010942057711455249
115	2.	0.01901906699910006
115	2.5	0.03284465694379779
115	3.	0.057149589482248214
115	3.5	0.1005802561992187
115	4.	0.17918600465202916
120	0	0.
120	0.5	0.004622038981759383
120	1.	0.010429144670102336
120	1.5	0.019011713955780763
120	2.	0.032923135444982564
120	2.5	0.05659100648260798
120	3.	0.09791099325606503
120	3.5	0.17120938250597245
120	4.	0.3041700515192656
125	0	0.
125	0.5	0.007542827628735619
125	1.	0.017033074021275397
125	1.5	0.03101993655488522
125	2.	0.05350239239508908
125	2.5	0.09136544701857217
125	3.	0.15706953860842407
125	3.5	0.2746110682149656
125	4.	0.4973200082461292
130	0	0.
130	0.5	0.01160036883125898
130	1.	0.02621596615705542
130	1.5	0.04768203859765747
130	2.	0.08192066028895313
130	2.5	0.13931310029537275
130	3.	0.23940843702215006
130	3.5	0.41922722315328204
130	4.	0.7160505879133753
135	0	0.
135	0.5	0.017077057083998523
135	1.	0.0385500867049367
135	1.5	0.06990988422851326
135	2.	0.11965386311151688
135	2.5	0.20290423269047347
135	3.	0.3458099308556208
135	3.5	0.5736262242310383
135	4.	0.8346126609272798
140	0	0.
140	0.5	0.024321551593519466
140	1.	0.054675813430922135
140	1.5	0.09856906185970978
140	2.	0.16759238847252708
140	2.5	0.28049753745385075
140	3.	0.4562106011565869
140	3.5	0.6775879921394283
140	4.	0.8933909120267252
145	0	0.
145	0.5	0.03357431400952359
145	1.	0.07489344023230886
145	1.5	0.13357871845691893
145	2.	0.22349248578571476
145	2.5	0.3598784375542784
145	3.	0.5400053831964969
145	3.5	0.7365087226126901
145	4.	0.9426661468080216
150	0	0.
150	0.5	0.044635961551309646
150	1.	0.09846119659702768
150	1.5	0.1725736130850952
150	2.	0.27982257614941014
150	2.5	0.4246085938441424
150	3.	0.5945887083967278
150	3.5	0.7806195355977703
150	4.	0.9908984758272642
155	0	0.
155	0.5	0.056598856797690035
155	1.	0.12315209792148692
155	1.5	0.21071578142488348
155	2.	0.3276680061536671
155	2.5	0.47104643754211123
155	3.	0.6351906525986386
155	3.5	0.8217414108774139
155	4.	1.0369925243538656
160	0	0.
160	0.5	0.0681432062657999
160	1.	0.1461335613667408
160	1.5	0.24351694216371622
160	2.	0.3643947211703302
160	2.5	0.5065002240015392
160	3.	0.671325333593773
160	3.5	0.8612804582070527
160	4.	1.0801124120855694
165	0	0.
165	0.5	0.07833653535033865
165	1.	0.1657646883801719
165	1.5	0.26995061389599534
165	2.	0.3934121976000856
165	2.5	0.537386452578912
165	3.	0.7055900478177085
165	3.5	0.898362009921137
165	4.	1.1205778089078062
170	0	0.
170	0.5	0.08702281076887916
170	1.	0.18216372678265375
170	1.5	0.29172473021101153
170	2.	0.4185500161255912
170	2.5	0.566207688086344
170	3.	0.7379399031336162
170	3.5	0.9323039029165191
170	4.	1.158733392015188
175	0	0.
175	0.5	0.09450233467610425
175	1.	0.19623437777915095
175	1.5	0.3107545606027515
175	2.	0.441671651928662
175	2.5	0.5933291204006526
175	3.	0.7678488698476407
175	3.5	0.9630663414538198
175	4.	1.194112194415934
180	0	0.
180	0.5	0.1011081184089885
180	1.	0.2087341260117945
180	1.5	0.32806057010206646
180	2.	0.4632182106346177
180	2.5	0.6184855110503091
180	3.	0.7949584090007669
180	3.5	0.9911238873146487
180	4.	1.2258395834227365
185	0	0.
185	0.5	0.10704192322229951
185	1.	0.22003913262338057
185	1.5	0.34394458116886795
185	2.	0.48309170887541175
185	2.5	0.6414018293419351
185	3.	0.819176392866552
185	3.5	1.017063678805258
185	4.	1.2534232639569063
190	0	0.
190	0.5	0.11239000652273456
190	1.	0.23026851149721014
190	1.5	0.35840239642918764
190	2.	0.5011237231779427
190	2.5	0.6619557093489461
190	3.	0.8406268688419569
190	3.5	1.0410980662641234
190	4.	1.276978942749607
195	0	0.
195	0.5	0.11718084298905722
195	1.	0.23944098431295535
195	1.5	0.37137888048583145
195	2.	0.517233386384599
195	2.5	0.6801743770243895
195	3.	0.8595780987041258
195	3.5	1.0629325260237839
195	4.	1.2970088106577649
200	0	0.
200	0.5	0.12142796270748457
200	1.	0.2475671673729287
200	1.5	0.3828671471320922
200	2.	0.5314460020022027
200	2.5	0.6961889795249051
200	3.	0.8763769691746345
200	3.5	1.082157662139663
200	4.	1.314137277676793
205	0	0.
205	0.5	0.12515094285474007
205	1.	0.25468505151386467
205	1.5	0.39292501246310774
205	2.	0.543866051607274
205	2.5	0.7101887310192719
205	3.	0.8913813048386184
205	3.5	1.0986634372552448
205	4.	1.3289536485851345
210	0	0.
210	0.5	0.12838160634201912
210	1.	0.26086413241198575
210	1.5	0.40165977697226674
210	2.	0.5546435386333938
210	2.5	0.7223861051291276
210	3.	0.9048752980113224
210	3.5	1.1126806545603105
210	4.	1.341944881011955
215	0	0.
215	0.5	0.13116274140867426
215	1.	0.26619679970482896
215	1.5	0.40920640830153954
215	2.	0.5639465963348819
215	2.5	0.732993490206966
215	3.	0.9169877828411513
215	3.5	1.1246018695543851
215	4.	1.3534748099571337
220	0	0.
220	0.5	0.13354408109561708
220	1.	0.27078699822858493
220	1.5	0.4157088964710473
220	2.	0.5719427497377539
220	2.5	0.742208623738508
220	3.	0.9276925883176762
220	3.5	1.1348222400766341
220	4.	1.363781670626046
225	0	0.
225	0.5	0.1355780335166889
225	1.	0.274740488681113
225	1.5	0.42130728303315157
225	2.	0.5787875852653345
225	2.5	0.750205792241355
225	3.	0.936935366624824
225	3.5	1.143664309284497
225	4.	1.3729805712690817
230	0	0.
230	0.5	0.13731621987633194
230	1.	0.2781579847018028
230	1.5	0.42612994217388533
230	2.	0.58461874714953
230	2.5	0.7571304460286281
230	3.	0.9447719992309291
230	3.5	1.1513577421103955
230	4.	1.3810655710668323
235	0	0.
235	0.5	0.13880709489148846
235	1.	0.28113105288400225
235	1.5	0.43028981889707657
235	2.	0.589553353171336
235	2.5	0.7630961540077046
235	3.	0.9513808455676867
235	3.5	1.1580410722567613
235	4.	1.387909567757768
240	0	0.
240	0.5	0.14009455854909242
240	1.	0.2837401699197516
240	1.5	0.4338833094966825
240	2.	0.5936873631064906
240	2.5	0.7681850515483631
240	3.	0.9569805925628864
240	3.5	1.1637684669708037
240	4.	1.3932616033596692
245	0	0.
245	0.5	0.14121733748832557
245	1.	0.2860542665151843
245	1.5	0.43699073429753194
245	2.	0.5970958628561305
245	2.5	0.7724563019189885
245	3.	0.9617569775176797
245	3.5	1.1685153063487095
245	4.	1.396741687699756