T [MeV]	muB [MeV]	nB/T^3	s/T^3
100	0	0.	-
100	10	0.00006430361900497634	-
100	20	0.00012868528436858672	-
100	30	0.00019323977468913069	-
100	40	0.0002580954475584149	-
100	50	0.0003234313166246856	-
100	60	0.0003894944776166826	-
100	70	0.00045661800593341803	-
100	80	0.0005252394541522049	-
100	90	0.000595920085022844	-
100	100	0.0006693649844489224	-
100	110	0.0007464442097273627	-
100	120	0.0008282151414893078	-
100	130	0.0009159462228849309	-
100	140	0.0010111422875808587	-
100	150	0.0011155716992988392	-
100	160	0.0012312955498130025	-
100	170	0.0013606991909559016	-
100	180	0.0015065264092107592	-
100	190	0.0016719165894252875	-
100	200	0.0018604452592562186	-
100	210	0.0020761684577823626	-
100	220	0.0023236714311178656	-
100	230	0.0026081222289521112	-
100	240	0.002935330859191307	-
100	250	0.003311814750012626	-
100	260	0.0037448713881054947	-
100	270	0.0042426591278535266	-
100	280	0.0048142873277645815	-
100	290	0.005469917152796531	-
100	300	0.006220874604333268	-
100	310	0.007079777597977752	-
100	320	0.008060679220988746	-
100	330	0.009179229690120352	-
100	340	0.010452859949001261	-
100	350	0.011900990435169258	-
100	360	0.013545269159417016	-
100	370	0.01540984408640702	-
100	380	0.0175216757468653	-
100	390	0.019910897265658332	-
100	400	0.022611230443029064	-
100	410	0.02566046839909592	-
100	420	0.029101037593231842	-
100	430	0.032980654939518406	-
100	440	0.03735309938694476	-
100	450	0.0422791219952193	-
100	460	0.047827524472723947	-
100	470	0.05407644386303201	-
100	480	0.06111489085993788	-
100	490	0.06904460255994935	-
100	500	0.07798228727557685	-
100	510	0.08806236240031093	-
100	520	0.09944031687597776	-
100	530	0.11229687232860043	-
100	540	0.12684317512657886	-
100	550	0.14332733337274187	-
100	560	0.16204273055216947	-
100	570	0.18333871755188233	-
100	580	0.20763454469823822	-
100	590	0.23543779556960326	-
100	600	0.26736925719487364	-
105	0	0.	-
105	10	0.00015288540775842713	-
105	20	0.00030683046073301355	-
105	30	0.00046291469718002235	-
105	40	0.0006222575929563246	-
105	50	0.0007860389111425824	-
105	60	0.0009555195141718217	-
105	70	0.0011320628021309982	-
105	80	0.001317156949099167	-
105	90	0.0015124381201348028	-
105	100	0.0017197148649458335	-
105	110	0.0019409939000798644	-
105	120	0.002178507511639059	-
105	130	0.0024347428327926093	-
105	140	0.0027124732781997536	-
105	150	0.003014792449032095	-
105	160	0.0033451508604251333	-
105	170	0.0037073958865177746	-
105	180	0.004105815369914784	-
105	190	0.004545185403058705	-
105	200	0.00503082285838397	-
105	210	0.005568643328562673	-
105	220	0.00616522523382655	-
105	230	0.006827880968978605	-
105	240	0.007564736097037344	-
105	250	0.0083848177568534	-
105	260	0.009298153641501803	-
105	270	0.010315883131764987	-
105	280	0.011450382432542709	-
105	290	0.012715405890065045	-
105	300	0.014126246053597276	-
105	310	0.015699915501624254	-
105	320	0.01745535404363808	-
105	330	0.01941366555904067	-
105	340	0.02159838961221467	-
105	350	0.024035813975295885	-
105	360	0.02675533548363467	-
105	370	0.02978987819226522	-
105	380	0.03317637974833245	-
105	390	0.03695635932872479	-
105	400	0.04117658351865724	-
105	410	0.04588985038190925	-
105	420	0.05115591675627354	-
105	430	0.05704260020528421	-
105	440	0.06362709478918128	-
105	450	0.07099755034942364	-
105	460	0.07925497821827653	-
105	470	0.08851556386581927	-
105	480	0.0989134897410968	-
105	490	0.11060440219455749	-
105	500	0.1237696960955263	-
105	510	0.13862184425769003	-
105	520	0.1554110696933339	-
105	530	0.17443375193243943	-
105	540	0.19604307979995933	-
105	550	0.22066261723340339	-
105	560	0.24880362695913236	-
105	570	0.2810871753030571	-
105	580	0.31827212158637025	-
105	590	0.36128984827210125	-
105	600	0.4112855777605579	-
110	0	0.	-
110	10	0.0002857810123420592	-
110	20	0.0005730777336156752	-
110	30	0.0008634381077393348	-
110	40	0.0011584747728423021	-
110	50	0.0014598979714680038	-
110	60	0.0017695491442224847	-
110	70	0.0020894354472366615	-
110	80	0.0024217654449279384	-
110	90	0.0027689862445367686	-
110	100	0.0031338223557510064	-
110	110	0.0035193165812582245	-
110	120	0.003928873269121855	-
110	130	0.0043663042891200435	-
110	140	0.004835878129832138	-
110	150	0.005342372557296619	-
110	160	0.005891131321765449	-
110	170	0.006488125459206841	-
110	180	0.007140019797005316	-
110	190	0.007854245353742764	-
110	200	0.008639078409000939	-
110	210	0.009503727121623071	-
110	220	0.010458426704838295	-
110	230	0.011514544294943427	-
110	240	0.01268469482591416	-
110	250	0.01398286941398018	-
110	260	0.015424577978050833	-
110	270	0.017027008101552117	-
110	280	0.01880920244710489	-
110	290	0.020792257426123065	-
110	300	0.022999546246856035	-
110	310	0.02545697004574131	-
110	320	0.028193241381446292	-
110	330	0.031240205222434234	-
110	340	0.03463320339422667	-
110	350	0.03841148968128043	-
110	360	0.042618704096139944	-
110	370	0.04730341650665268	-
110	380	0.05251975198440714	-
110	390	0.05832811278030783	-
110	400	0.06479601503144679	-
110	410	0.07199906267318062	-
110	420	0.08002208604553125	-
110	430	0.088960479825588	-
110	440	0.09892178386639316	-
110	450	0.11002756308618294	-
110	460	0.1224156592721083	-
110	470	0.1362429125958238	-
110	480	0.15168848675034213	-
110	490	0.16895798825259206	-
110	500	0.18828866395830215	-
110	510	0.2099561230528264	-
110	520	0.23428333189955564	-
110	530	0.26165323143001495	-
110	540	0.2925276103444763	-
110	550	0.327477817793997	-
110	560	0.36724022653409283	-
110	570	0.41282912781468195	-
110	580	0.46579811660407155	-
110	590	0.5289299188381137	-
110	600	0.6082900030735615	-
115	0	0.	-
115	10	0.0004882849886963515	-
115	20	0.0009786533456203506	-
115	30	0.001473241914899731	-
115	40	0.001974294765135321	-
115	50	0.00248421748560615	-
115	60	0.003005632310220927	-
115	70	0.003541434356238923	-
115	80	0.004094849275197948	-
115	90	0.004669492626268219	-
115	100	0.005269431297183163	-
115	110	0.005899247318309682	-
115	120	0.006564104435901468	-
115	130	0.0072698178387227775	-
115	140	0.008022927461206338	-
115	150	0.008830775322200278	-
115	160	0.009701587399820378	-
115	170	0.010644560587199888	-
115	180	0.011669955329783354	-
115	190	0.012789194608360945	-
115	200	0.014014969996202548	-
115	210	0.015361355609926845	-
115	220	0.01684393085926155	-
115	230	0.018479913022357682	-
115	240	0.020288300784943362	-
115	250	0.022290030053802777	-
115	260	0.024508143510278396	-
115	270	0.0269679755957068	-
115	280	0.029697354872253477	-
115	290	0.03272682599262726	-
115	300	0.036089893918809256	-
115	310	0.03982329344795729	-
115	320	0.043967287734611865	-
115	330	0.048566000221697096	-
115	340	0.053667785331961725	-
115	350	0.059325644612194015	-
115	360	0.06559769671769895	-
115	370	0.0725477119394872	-
115	380	0.08024572545904492	-
115	390	0.08876874816057474	-
115	400	0.09820160093198842	-
115	410	0.1086379090614271	-
115	420	0.12018130926550534	-
115	430	0.1329469478100715	-
115	440	0.1470633886722682	-
115	450	0.16267511830603407	-
115	460	0.17994594679549009	-
115	470	0.1990638008927954	-
115	480	0.22024775026511434	-
115	490	0.24375873716371707	-
115	500	0.26991664721205594	-
115	510	0.29912858876276693	-
115	520	0.3319375700355355	-
115	530	0.3691092163622755	-
115	540	0.4117903144875405	-
115	550	0.46180061409504053	-
115	560	0.5221475559945823	-
115	570	0.5977695811694294	-
115	580	0.6957432815548603	-
115	590	0.8211734157276562	-
115	600	0.9625149444535395	-
120	0	0.	-
120	10	0.0007843797464588573	-
120	20	0.0015721245594228312	-
120	30	0.0023666805372897755	-
120	40	0.0031716559988529116	-
120	50	0.003990902985882479	-
120	60	0.004828599239312916	-
120	70	0.005689330811319835	-
120	80	0.006578175479514835	-
120	90	0.007500787135735117	-
120	100	0.008463481326504242	-
120	110	0.009473322133275838	-
120	120	0.010538210589388258	-
120	130	0.011666974843282382	-
120	140	0.01286946229509547	-
120	150	0.01415663395035653	-
120	160	0.01554066126319151	-
120	170	0.017035025766211156	-
120	180	0.018654621824646386	-
120	190	0.020415862903021647	-
120	200	0.022336791782775995	-
120	210	0.02443719526137468	-
120	220	0.026738723943483342	-
120	230	0.029265017882805656	-
120	240	0.032041838979449205	-
120	250	0.03509721127826809	-
120	260	0.03846157059062412	-
120	270	0.04216792526076479	-
120	280	0.04625203041263476	-
120	290	0.05075257873939389	-
120	300	0.05571141188714024	-
120	310	0.06117375776168773	-
120	320	0.0671885010932008	-
120	330	0.07380849709214057	-
120	340	0.08109094182803776	-
120	350	0.08909781833769205	-
120	360	0.0978964450260041	-
120	370	0.10756016430976632	-
120	380	0.11816922568760052	-
120	390	0.12981194208422683	-
120	400	0.14258623478978263	-
120	410	0.15660173749502648	-
120	420	0.1719827143919839	-
120	430	0.1888721760293689	-
120	440	0.207437774269891	-
120	450	0.22788036031130202	-
120	460	0.25044654444851977	-
120	470	0.27544725770866824	-
120	480	0.3032851932261355	-
120	490	0.3344949301703017	-
120	500	0.3697996922236864	-
120	510	0.4101853813882523	-
120	520	0.45697823937976145	-
120	530	0.5118694910107153	-
120	540	0.576728690951352	-
120	550	0.6528845973590973	-
120	560	0.7395393643329334	-
120	570	0.8318209573297463	-
120	580	0.9209623595495505	-
120	590	0.9989302561091842	-
120	600	1.0639431466306395	-
125	0	0.	2.4017235344811887
125	10	0.0011940775905350807	2.4023389284360612
125	20	0.0023939345437904067	2.4041888454002227
125	30	0.0036054561529806485	2.407284521877286
125	40	0.004834739305706785	2.4116447887900843
125	50	0.0060881976187416075	2.417296224517139
125	60	0.007372665789735148	2.4242733650041113
125	70	0.00869550292385585	2.4326189668993727
125	80	0.010064694612888362	2.4423843186329393
125	90	0.011488953563697273	2.4536295934252776
125	100	0.012977818606781447	2.4664242374002443
125	110	0.014541751945200755	2.4808473853097057
125	120	0.01619223455407615	2.496988295883092
125	130	0.01794185968967288	2.5149467985233405
125	140	0.01980442453627038	2.5348337430152172
125	150	0.021795020094582843	2.556771444132532
125	160	0.023930119519699374	2.580894113574137
125	170	0.026227665232791627	2.6073482725819996
125	180	0.028707155287792857	2.6362931399685645
125	190	0.03138972965889863	2.66790099219371
125	200	0.034298257353577465	2.702357494696378
125	210	0.03745742557487694	2.739862007046791
125	220	0.04089383251972489	2.78062786882868
125	230	0.044636085926040674	2.8248826787293955
125	240	0.04871491012857995	2.8728685864255095
125	250	0.053163265216242296	2.924842625915896
125	260	0.058016483039950294	2.981077130514956
125	270	0.06331242625235148	3.041860284484535
125	280	0.06909167857693077	3.1074968851808826
125	290	0.07539777708752946	3.1783094138283663
125	300	0.08227750084589013	3.2546395441619964
125	310	0.08978123500100775	3.336850258192191
125	320	0.09796343585680725	3.4253287897190887
125	330	0.10688323122023767	3.520490681954505
125	340	0.1166052022142181	3.62278532909492
125	350	0.1272004087283302	3.732703476330321
125	360	0.13874774276593277	3.850787280886881
125	370	0.15133572271390122	3.9776436875101355
125	380	0.16506488045152554	4.113962035867281
125	390	0.18005094215686632	4.260536968388617
125	400	0.1964290638271441	4.41829778138334
125	410	0.21435944684365488	4.58834522491537
125	420	0.23403471218300195	4.771996135370612
125	430	0.2556894076526258	4.9708346545440705
125	440	0.2796118601812311	5.18676518653931
125	450	0.30615805547735625	5.422054999495718
125	460	0.33576591256499666	5.679340864528921
125	470	0.36896549541869345	5.961550921553103
125	480	0.40637528075231455	6.271657694187841
125	490	0.4486655805541914	6.612135935159974
125	500	0.4964585988928658	6.983977925706742
125	510	0.5501284069342177	7.3851954702963845
125	520	0.6094860442379738	7.809044876232531
125	530	0.6734202751893186	8.242833597895093
125	540	0.7397158004159564	8.668810109008579
125	550	0.805361123278938	9.06831428971305
125	560	0.8674445367826876	9.428150986910271
125	570	0.9242183746934007	9.745368973667183
125	580	0.9756316559437788	10.026900690021606
125	590	1.0230398752799117	10.284630066129978
125	600	1.068449934664213	10.529801221335669
130	0	0.	2.8018439717964236
130	10	0.001732964202700185	2.8026525288938
130	20	0.0034753291666355626	2.8050834182070297
130	30	0.005236607847310041	2.8091522977789674
130	40	0.007026536764392802	2.8148852771287722
130	50	0.008855185746666766	2.8223189347625652
130	60	0.010733065302622219	2.8315003394863245
130	70	0.012671230937942604	2.842487072596467
130	80	0.014681383841828955	2.8553472475791426
130	90	0.016775967485329415	2.870159523789583
130	100	0.018968259821309508	2.887013110762918
130	110	0.021272460949159914	2.9060077603794467
130	120	0.023703776304173422	2.927253745119751
130	130	0.0262784956679143	2.9508718221468384
130	140	0.02901406854324236	2.976993184993731
130	150	0.031929176756818715	3.005759407270041
130	160	0.03504380548494128	3.0373223860928986
130	170	0.03837931431071214	3.071844296971599
130	180	0.041958510400060746	3.109497576724961
130	190	0.045805726448557245	3.150464956802351
130	200	0.04994690675070833	3.194939576259449
130	210	0.054409705574226745	3.2431252117873943
130	220	0.05922360306086613	3.295236671824603
130	230	0.06442004517098718	3.351500413144
130	240	0.07003261579970575	3.412155451677417
130	250	0.07609725117430956	3.477454654982056
130	260	0.08265250920900413	3.5476665218796923
130	270	0.08973990962618333	3.6230775754513576
130	280	0.0974043645920653	3.7039955184391724
130	290	0.10569472434725484	3.790753324204936
130	300	0.11466446828841281	3.883714459501671
130	310	0.12437257848558678	3.9832794530564786
130	320	0.13488464048810833	4.089894028305932
130	330	0.14627422351568342	4.204058995453998
130	340	0.1586245986908705	4.326342023343116
130	350	0.17203085523005834	4.457391245778528
130	360	0.18660246610215087	4.59795033650538
130	370	0.20246632518176458	4.74887411248888
130	380	0.2197702101051093	4.9111427513496855
130	390	0.2386864898174336	5.085871129670625
130	400	0.2594156477369763	5.27430735595418
130	410	0.2821887687623379	5.477811040624668
130	420	0.3072674633378749	5.697797168356572
130	430	0.3349387230740033	5.935626150920802
130	440	0.36550096155053236	6.1924166303208334
130	450	0.3992363316286836	6.468759241172859
130	460	0.4363642187769949	6.764324685928029
130	470	0.4769733379978303	7.077398607711159
130	480	0.5209374460859875	7.404445656991426
130	490	0.5678336252261473	7.739893751577378
130	500	0.6168989216219289	8.076386017237349
130	510	0.6670690330717515	8.405683516734594
130	520	0.7171249914799652	8.72015065745261
130	530	0.7659251766215021	9.014388598710184
130	540	0.812644919818142	9.286353356170022
130	550	0.8569288495899003	9.537457941064677
130	560	0.8989032127532274	9.77166626325305
130	570	0.9390664402729493	9.994069167536544
130	580	0.9781237667098782	10.20955376862634
130	590	1.016832330104954	10.42194681070067
130	600	1.0558935338084168	10.633689350794887
135	0	0.	3.2335904971191844
135	10	0.002418406339192888	3.234627684980669
135	20	0.004850636789760587	3.2377453275067603
135	30	0.007310600900374214	3.2429616274294126
135	40	0.009812378455440042	3.250306809927347
135	50	0.012370303050381108	3.259822956856759
135	60	0.014999043963332471	3.2715637813275062
135	70	0.01771368600223852	3.285594349435101
135	80	0.02052980721147506	3.301990758125053
135	90	0.023463554573172632	3.320839780491111
135	100	0.026531718135992144	3.3422384923222936
135	110	0.029751804347144594	3.366293896442989
135	120	0.03314210974060323	3.393122564362235
135	130	0.03672179656759353	3.4228503179877
135	140	0.04051097243525915	3.4556119776905576
135	150	0.04453077654338079	3.4915512068484698
135	160	0.048803475717885784	3.530820487155311
135	170	0.05335257411159802	3.573581263458108
135	180	0.05820294119857018	3.620004301617469
135	190	0.06338096357317022	3.670270307776086
135	200	0.06891472705076422	3.7245708622407556
135	210	0.07483423664729234	3.7831097255411317
135	220	0.08117168328185784	3.8461045774518117
135	230	0.08796176732002176	3.913789250758203
135	240	0.09524209038507327	3.986416518577912
135	250	0.10305362801614441	4.064261484442486
135	260	0.1114412965013828	4.1476256040571515
135	270	0.12045462702342076	4.236841330711443
135	280	0.13014855848066742	4.332277314068457
135	290	0.14058435569834116	4.434343982342022
135	300	0.15183065057980133	4.543499184095409
135	310	0.1639645870079242	4.660253336483114
135	320	0.1770730228959286	4.78517319552258
135	330	0.19125369857634356	4.918882902775951
135	340	0.20661621426798518	5.062060349128662
135	350	0.2232825630002739	5.215426127569419
135	360	0.24138683378450604	5.379721472388549
135	370	0.2610735336419125	5.555670747838141
135	380	0.28249379206649455	5.743923566270191
135	390	0.30579854892501307	5.944972046582804
135	400	0.33112777958236056	6.159040914563152
135	410	0.35859502331478277	6.385953162571868
135	420	0.3882671555576704	6.624982737324372
135	430	0.4201406707284595	6.87471815983589
135	440	0.45411774677504113	7.132974836939133
135	450	0.4899876797756433	7.396803469414543
135	460	0.5274209610762346	7.662638698615634
135	470	0.565982897849847	7.926607657908928
135	480	0.6051700653767073	8.1849714382439
135	490	0.6444662032958349	8.434616855596657
135	500	0.6834067442814806	8.673477564619295
135	510	0.7216367164850715	8.900768980733474
135	520	0.7589481030768148	9.11697574124581
135	530	0.7952895659504657	9.323611052197347
135	540	0.8307503132938991	9.522834274138146
135	550	0.8655266209000924	9.717038117625284
135	560	0.8998818171339173	9.908497799238559
135	570	0.9341088240158477	10.099131447079612
135	580	0.9685006465033357	10.290378165593006
135	590	1.0033305226656863	10.483172177226024
135	600	1.0388409196035797	10.67798082770118
140	0	0.	3.7001092772624125
140	10	0.003286704442780759	3.70144261419229
140	20	0.006591478522107862	3.705448235828866
140	30	0.009932426826327861	3.7121429310203706
140	40	0.013327725231415124	3.721554538563908
140	50	0.016795660024155196	3.733721743779402
140	60	0.020354671259075925	3.7486938143918573
140	70	0.024023401858362572	3.766530295674206
140	80	0.027820754055047723	3.787300689508409
140	90	0.03176595490051295	3.8110841460480174
140	100	0.03587863270488022	3.8379691999179326
140	110	0.04017890646304234	3.868053585287566
140	120	0.044687490539627006	3.901444165621457
140	130	0.04942581712144292	3.9382570143423052
140	140	0.05441617921701655	3.9786176818757966
140	150	0.059681897239467395	4.022661682329779
140	160	0.06524751244950253	4.070535228991856
140	170	0.07113901068051066	4.122396241301175
140	180	0.07738407977858747	4.1784156360729225
140	190	0.08401240392174981	4.238778901273088
140	200	0.09105599730543075	4.303687929844946
140	210	0.09854957836337597	4.373363061723138
140	220	0.10653098337727457	4.448045241379975
140	230	0.11504161470070484	4.527998142584048
140	240	0.1241269132100742	4.613510037629497
140	250	0.13383683646138997	4.704895091210947
140	260	0.1442263123298311	4.802493636307071
140	270	0.15535562224207916	4.90667084021422
140	280	0.16729064711098807	5.017812997496212
140	290	0.18010288309749767	5.1363205061444335
140	300	0.19386910352459596	5.262596420871535
140	310	0.20867051014383942	5.397029381052886
140	320	0.22459118724736535	5.539969755089886
140	330	0.24171565414058838	5.6916981332565575
140	340	0.26012532149754974	5.8523859656328385
140	350	0.2798937129055856	6.022049311880789
140	360	0.30108043867007594	6.200498425340699
140	370	0.32372412183875987	6.387288184982439
140	380	0.3478347790644089	6.581676937843445
140	390	0.37338652226615954	6.782603473288218
140	400	0.4003117947985098	6.988692786012234
140	410	0.4284985638588697	7.198299752822011
140	420	0.4577918143460488	7.409595124628952
140	430	0.4880002145694348	7.620690801784936
140	440	0.5189079542096191	7.829791090104086
140	450	0.5502906535872604	8.035349028181576
140	460	0.5819332268746719	8.236201749128053
140	470	0.6136470043407224	8.4316613240941
140	480	0.6452835118343884	8.621546066494112
140	490	0.6767430566702708	8.806149944696221
140	500	0.7079774224413745	8.98616033064574
140	510	0.7389871457617733	9.162542970301086
140	520	0.7698147084118941	9.336415952656184
140	530	0.8005353631530785	9.508931772832641
140	540	0.8312472488702024	9.681180612843557
140	550	0.8620620887930683	9.854120996834776
140	560	0.8930972867613064	10.02853806374562
140	570	0.9244697838988324	10.205025752179374
140	580	0.9562916946481194	10.383987295448733
140	590	0.9886675245237543	10.56564813106393
140	600	1.021692669953026	10.750076025090742
145	0	0.	4.205419758641999
145	10	0.004402694627866789	4.207132072997453
145	20	0.008826064405661098	4.212272473911634
145	30	0.013290798538608206	4.220851352348521
145	40	0.017817618337395633	4.232886086454701
145	50	0.022427303140911205	4.248401137525633
145	60	0.02714072777275467	4.267428196092793
145	70	0.03197891486036288	4.290006388518933
145	80	0.03696310494771835	4.31618255553396
145	90	0.04211484683738259	4.3460116137414735
145	100	0.047456110043932034	4.379557008931316
145	110	0.05300942060043932	4.416891265669856
145	120	0.0587980207152798	4.458096630682069
145	130	0.06484605191964007	4.50326579750207
145	140	0.07117876023624822	4.552502686200713
145	150	0.07782272058634156	4.605923234100141
145	160	0.08480607585829944	4.663656130652581
145	170	0.09215878382058684	4.7258434015830835
145	180	0.09991286214368217	4.792640713719886
145	190	0.10810261805584755	4.864217232923705
145	200	0.116764844573737	4.94075482433595
145	210	0.12593895968828533	5.022446339358876
145	220	0.13566705856721625	5.1094926919719175
145	230	0.14599384191983575	5.202098395559696
145	240	0.1569663770860341	5.300465221200522
145	250	0.16863364285226343	5.404783663970251
145	260	0.18104580658489408	5.515221983367686
145	270	0.19425318479880027	5.631912737472062
145	280	0.20830484882197062	5.754936976302871
145	290	0.223246858267458	5.884306608905904
145	300	0.2391201395915923	6.019945905707434
145	310	0.25595807516235225	6.161673611260062
145	320	0.273783928987804	6.30918765624607
145	330	0.29260830206382227	6.462054865343373
145	340	0.3124268721182768	6.619708223738438
145	350	0.3332187155678836	6.781454045113637
145	360	0.3549455143027903	6.9464906681559935
145	370	0.37755190545512946	7.113939076337129
145	380	0.40096712894892217	7.28288419512288
145	390	0.4251079765421935	7.452423831653268
145	400	0.44988286722337906	7.621720655559715
145	410	0.4751967037167953	7.790051670955671
145	420	0.500956041240619	7.956849593906987
145	430	0.5270740509932323	8.12173151213031
145	440	0.5534747995948477	8.284511991859128
145	450	0.5800964816578199	8.44520002259075
145	460	0.6068934060882254	8.60398136886747
145	470	0.6338367110371526	8.761189595346329
145	480	0.6609139347050855	8.917269981127308
145	490	0.688127673661191	9.072740690318078
145	500	0.7154936119788661	9.228155051132358
145	510	0.7430382051623216	9.38406786197519
145	520	0.7707962681767883	9.541007547353024
145	530	0.7988086612221132	9.699454953321208
145	540	0.8271202046746206	9.859828735356912
145	550	0.8557778981071051	10.022476708543342
145	560	0.8848294706374583	10.187672202604706
145	570	0.914322256140791	10.35561433240442
145	580	0.9443023648834697	10.526431125078785
145	590	0.9748141103706937	10.700184556659147
145	600	1.0058996474340172	10.876876713108576
150	0	0.	4.752606841549675
150	10	0.005772033715486183	4.754624108220741
150	20	0.011564769213923767	4.760676938289554
150	30	0.017398971705378474	4.77076849393087
150	40	0.02329553613902559	4.784904282214801
150	50	0.029275559055541422	4.803092498806899
150	60	0.0353604181627517	4.825344485842733
150	70	0.04157186113187361	4.851675279804408
150	80	0.04793210418384642	4.882104217076497
150	90	0.05446393987690936	4.916655555794071
150	100	0.06119085214411473	4.95535906248446
150	110	0.06813713502609062	4.9982505008288145
150	120	0.07532800972546835	5.045371947804319
150	130	0.0827897326260568	5.096771849983133
150	140	0.09054968479558355	5.152504720743981
150	150	0.09863643126774616	5.212630369021291
150	160	0.10707973633571986	5.277212544048221
150	170	0.11591051926829642	5.34631688112621
150	180	0.12516073362509944	5.420008044226912
150	190	0.13486315310066138	5.498345986123284
150	200	0.14505104798429252	5.581381289714005
150	210	0.1557577393809593	5.669149618527059
150	220	0.1670160238267738	5.761665391632742
150	230	0.1788574690809708	5.858914906943333
150	240	0.19131159285634636	5.960849261361664
150	250	0.2044049497070806	6.067377545248148
150	260	0.21816016618337325	6.178360905147831
150	270	0.23259497928703352	6.293608150617739
150	280	0.24772134600301005	6.412873603861414
150	290	0.2635446997284862	6.535857832216762
150	300	0.2800634303156896	6.662211748600398
150	310	0.2972686563118867	6.791544312773327
150	320	0.31514434018620047	6.92343373415914
150	330	0.3336677707229333	7.05744170118383
150	340	0.35281040433570976	7.1931297956229105
150	350	0.3725390224968412	7.330076951908313
150	360	0.39281713176683647	7.4678966416994115
150	370	0.41360650926538667	7.606252449607622
150	380	0.4348687853563475	7.744870844063321
150	390	0.4565669558487558	7.883550237344125
150	400	0.4786667297110786	8.022165823261531
150	410	0.5011376403614348	8.16067009081161
150	420	0.5239538765656555	8.29908931477017
150	430	0.5470948172451177	8.437516638782311
150	440	0.5705452802299963	8.57610257512914
150	450	0.5942955154566997	8.715043835733317
150	460	0.6183409859676101	8.854571392039787
150	470	0.6426819871181548	8.99493856118317
150	480	0.6673231546686746	9.136409762465364
150	490	0.6922729087427167	9.279250411379243
150	500	0.7175428739139376	9.423718243069573
150	510	0.7431473070226557	9.570056200856257
150	520	0.7691025567663724	9.718486898391829
150	530	0.7954265705147099	9.869208569829084
150	540	0.8221384573747479	10.02239235988685
150	550	0.8492581114063232	10.17818077077648
150	560	0.8768058944853838	10.336687070003503
150	570	0.904802375810961	10.49799546624869
150	580	0.9332681230204204	10.66216187450408
150	590	0.9622235392536288	10.829215111921808
150	600	0.9916887397577103	10.999158388979962
155	0	0.	5.3409583433514625
155	10	0.007178395045352635	5.342971162025811
155	20	0.014376084701078748	5.349010043667123
155	30	0.02161246872172791	5.359076279217868
155	40	0.028907155595765222	5.3731720627938815
155	50	0.036280062777001264	5.391300540102149
155	60	0.04375151127041511	5.413465845627015
155	70	0.05134231159221864	5.439673098546798
155	80	0.05907383727116291	5.469928319796509
155	90	0.06696808111174316	5.504238226327264
155	100	0.07504768848731444	5.542609854118984
155	110	0.08333596110694598	5.585049959782007
155	120	0.09185682412442647	5.6315641527239375
155	130	0.10063474934169137	5.68215571706021
155	140	0.10969462773837219	5.736824095876738
155	150	0.11906158585943853	5.795563031023585
155	160	0.12876074278897132	5.858358379697933
155	170	0.138816907671979	5.925185664150103
155	180	0.14925422191255383	5.9960074512009705
155	190	0.16009575507555443	6.07077070074271
155	200	0.17136306889466035	6.149404262396372
155	210	0.18307576891934924	6.231816731219016
155	220	0.19525106777770387	6.317894890438679
155	230	0.20790338694050733	6.407502965734034
155	240	0.22104402462124734	6.500482887317297
155	250	0.23468091570792174	6.596655701662898
155	260	0.24881850493641625	6.695824196600893
155	270	0.26345774767092645	6.797776708227288
155	280	0.2785962435765602	6.902291975825848
155	290	0.2942284987670196	7.009144814111223
155	300	0.31034630241063105	7.118112293150643
155	310	0.3269391955294374	7.228980065833554
155	320	0.34399500391795673	7.34154846733882
155	330	0.3615004039056279	7.455638031949198
155	340	0.3794414897926501	7.571094126764771
155	350	0.3978043143666652	7.687790479797197
155	360	0.4165753788555905	7.805631472688151
155	370	0.43574205478168726	7.924553162653618
155	380	0.45529292702094876	8.044523087030502
155	390	0.47521805360390545	8.165538969995144
155	400	0.4955091438425684	8.287626510475027
155	410	0.5161596602573775	8.410836450550233
155	420	0.537164853640172	8.535241143265587
155	430	0.5585217417339532	8.660930820477029
155	440	0.580229043208903	8.788009743502169
155	450	0.6022870781208091	8.916592416087996
155	460	0.6246976453048239	9.046799945931216
155	470	0.6474638857684397	9.178756687445768
155	480	0.6705901397362638	9.312587204439698
155	490	0.6940818034037601	9.448413596252642
155	500	0.7179451899764925	9.586353199514434
155	510	0.7421873983852062	9.726516661272859
155	520	0.7668161917336969	9.869006366259846
155	530	0.7918398868319148	10.013915192167854
155	540	0.8172672553014484	10.161325561362554
155	550	0.8431074362268073	10.311308754787085
155	560	0.8693698600089594	10.463924453270884
155	570	0.8960641826077249	10.619220472457467
155	580	0.9232002295386729	10.777232659619393
155	590	0.9507879485363567	10.937984923331172
155	600	0.9788373699478083	11.10148937001376
160	0	0.	5.962836955119362
160	10	0.008357016820830544	5.964655349179357
160	20	0.016732107701847954	5.970111194536079
160	30	0.025143417858022193	5.9792064254551684
160	40	0.03360923037235216	5.99194407976972
160	50	0.0421480239594972	6.008328014173602
160	60	0.050778517167299336	6.028362494969257
160	70	0.059519694324735875	6.052051655768603
160	80	0.06839080856503106	6.079398814315993
160	90	0.077411357489471	6.110405643572745
160	100	0.0866010275816225	6.1450711978728645
160	110	0.09597960445040185	6.183390803554827
160	120	0.10556684744131273	6.225354834940463
160	130	0.11538232912589885	6.2709474104225995
160	140	0.1254452426221662	6.320145058807504
160	150	0.13577418245913986	6.372915421481109
160	160	0.14638690758639272	6.429216069500459
160	170	0.15730009772093287	6.488993524118476
160	180	0.16852911634186082	6.5521825722816045
160	190	0.18008779472370007	6.618705963426297
160	200	0.19198825129929728	6.6884745593778145
160	210	0.2042407591821489	6.761387985437231
160	220	0.21685367182216964	6.837335799323733
160	230	0.2298334128637566	6.916199158351413
160	240	0.24318453163470719	6.99785292790259
160	250	0.25690982084238323	7.082168140193347
160	260	0.271010488795703	7.169014685528906
160	270	0.28548637475489846	7.258264101791458
160	280	0.3003361938730032	7.349792323425368
160	290	0.31555779722598437	7.443482258660936
160	300	0.33114843294430274	7.539226081577207
160	310	0.34710499590108385	7.63692715110477
160	320	0.3634242559905431	7.73650149884279
160	330	0.38010305771789454	7.837878858189012
160	340	0.3971384867640051	7.941003235772085
160	350	0.41452800192815964	8.045833050308103
160	360	0.432269533032757	8.152340882402214
160	370	0.45036154726418276	8.26051289149474
160	380	0.46880308746025406	8.370347961639878
160	390	0.4875937866858794	8.481856640558494
160	400	0.5067338635466165	8.595059932724288
160	410	0.526224102679441	8.709988002066174
160	420	0.5460658244646276	8.826678832666152
160	430	0.566260847525755	8.945176887650417
160	440	0.5868114470301967	9.06553179830157
160	450	0.6077203111703394	9.187797107679291
160	460	0.6289904977815818	9.312029086084408
160	470	0.6506253924146792	9.438285629720058
160	480	0.6726286688310834	9.566625248950666
160	490	0.6950042525966696	9.697106148610825
160	500	0.717756288060044	9.829785399782848
160	510	0.7408891088334124	9.964718210342873
160	520	0.7644072117575514	10.101957219156942
160	530	0.788315234211284	10.241552020843685
160	540	0.8126179345564061	10.383548520772125
160	550	0.8373201753803146	10.527988752231211
160	560	0.8624269093418908	10.674910084457727
160	570	0.8879431672917832	10.82434530781669
160	580	0.9138740483579204	10.976322158881468
160	590	0.9402247118018354	11.130863133028825
160	600	0.9670003703029408	11.287985295382844
165	0	0.	6.6021502611429375
165	10	0.009268003903519097	6.60379461192151
165	20	0.01855304970507939	6.60872809167728
165	30	0.027872179420086175	6.616951911048128
165	40	0.037242431035855166	6.62846785004909
165	50	0.0466808260262535	6.643277905308101
165	60	0.05620434483459391	6.661383804563171
165	70	0.06582988724126675	6.682786398440912
165	80	0.07557421539007589	6.707484944500808
165	90	0.08545387836204879	6.735476304616363
165	100	0.09548511855843525	6.7667540837285145
165	110	0.10568376173197062	6.801307745339547
165	120	0.11606509419084653	6.839121746051551
165	130	0.12664373237601023	6.880174737022562
165	140	0.13743349146175163	6.9244388833486745
165	150	0.1484472606972466	6.971879352074724
165	160	0.1596968936673754	7.022454015033075
165	170	0.17119312137266693	7.076113403693219
165	180	0.18294549496338597	7.132800939943256
165	190	0.19496236313364004	7.192453450129519
165	200	0.20725088677699852	7.2550019512437265
165	210	0.21981709072105055	7.320372679752833
165	220	0.23266594964056322	7.388488317211985
165	230	0.2458015027424166	7.459269354271025
165	240	0.2592269899725562	7.532635527264093
165	250	0.27294500135973804	7.608507259845763
165	260	0.2869576308933233	7.686807045935602
165	270	0.30126662681203137	7.7674607187077855
165	280	0.3158735313603328	7.850398562186553
165	290	0.3307798046656157	7.9355562356224905
165	300	0.34598692918717155	8.022875494698292
165	310	0.3614964929363118	8.112304706443428
165	320	0.37731025129225493	8.203799165584238
165	330	0.39343016852324286	8.29732122838203
165	340	0.40985844106358854	8.39284028565933
165	350	0.42659750521906625	8.490332599829905
165	360	0.443650032218796	8.589781031752787
165	370	0.4610189135668581	8.691174682017389
165	380	0.4787072395073672	8.794508470517004
165	390	0.4967182730236143	8.899782673475842
165	400	0.5150554215033378	9.007002435808223
165	410	0.533722207788638	9.116177272487368
165	420	0.5527222418816252	9.22732056991111
165	430	0.5720591943040704	9.340449095494712
165	440	0.5917367717726496	9.455582521377599
165	450	0.6117586955222757	9.572742965512054
165	460	0.6321286825687953	9.69195455677399
165	470	0.6528504298375428	9.813243014372103
165	480	0.6739276011612378	9.936635257128595
165	490	0.6953638169481997	10.062159026837604
165	500	0.7171626462918043	10.189842540873236
165	510	0.7393276012983802	10.319714156399922
165	520	0.7618621333907217	10.451802056995355
165	530	0.7847696312913715	10.586133955591073
165	540	0.8080534204781382	10.722736813292602
165	550	0.8317167638741881	10.861636572898067
165	560	0.8557628635096322	11.002857906024953
165	570	0.8801948630841954	11.146423972858077
165	580	0.9050158511244282	11.292356193640758
165	590	0.9302288646488283	11.440674031140448
165	600	0.9558368932538944	11.591394783418501
170	0	0.	7.236457760941371
170	10	0.00998528785551016	7.237981356443604
170	20	0.019986290268784648	7.2425519861212555
170	30	0.030018659690368613	7.250169124043659
170	40	0.040097922263126265	7.260831711273204
170	50	0.05023940971754916	7.2745378907953935
170	60	0.06045818610584101	7.2912846534918385
170	70	0.07076896890124396	7.311067412258886
170	80	0.08118604496701529	7.333879526093892
170	90	0.09172318297601223	7.3597118002333435
170	100	0.10239354495789492	7.388551991838412
170	110	0.11320960063844684	7.420384352818691
170	120	0.12418304898774746	7.455189241693651
170	130	0.1353247517974645	7.492942834527225
170	140	0.14664468405158038	7.533616960727239
170	150	0.15815190529299508	7.577179082932442
170	160	0.169854555141248	7.623592431679145
170	170	0.18175987463232582	7.672816295713386
170	180	0.19387425331048397	7.724806458596949
170	190	0.2062033001534619	7.779515762667298
170	200	0.2187519347303245	7.836894773437259
170	210	0.23152449357288335	7.896892511953759
170	220	0.24452484586507825	7.959457219955966
170	230	0.25775651219848916	8.02453712298343
170	240	0.2712227803226637	8.09208115961345
170	250	0.2849268125900604	8.16203965018114
170	260	0.2988717408057747	8.234364884895946
170	270	0.3130607455039177	8.309011618400463
170	280	0.3274971180454507	8.385937464771194
170	290	0.3421843051398991	8.465103193141802
170	300	0.35712593652948926	8.546472929142437
170	310	0.3723258373629597	8.630014271006537
170	320	0.38778802737402757	8.715698331493154
170	330	0.4035167092629934	8.803499717840866
170	340	0.41951624879818583	8.893396462022478
170	350	0.4357911490072157	8.98536991286444
170	360	0.45234602063134305	9.07940460038169
170	370	0.46918555077035434	9.175488081183317
170	380	0.4863144711629595	9.273610772209171
170	390	0.5037375274324858	9.373765778499804
170	400	0.5214594500934924	9.475948719271466
170	410	0.5394849279930629	9.580157555319348
170	420	0.5578185845422122	9.68639241972736
170	430	0.5764649569397656	9.794655453393853
170	440	0.5954284784113527	9.904950643381527
170	450	0.6147134634120003	10.017283671214095
170	460	0.6343240956000913	10.131661759500192
170	470	0.6542644184212287	10.24809352713175
170	480	0.6745383280633636	10.36658884622045
170	490	0.6951495684914852	10.487158702031628
170	500	0.7161017283954508	10.609815054937995
170	510	0.7373982397294145	10.73457070372168
170	520	0.7590423776684232	10.861439149615464
170	530	0.7810372617668339	10.990434460549086
170	540	0.8033858581422967	11.121571135151143
170	550	0.8260909824396209	11.254863966142123
170	560	0.8491553035740261	11.39032790283644
170	570	0.8725813479591172	11.527977912552986
170	580	0.8963715042113086	11.667828840803347
170	590	0.9205280282069518	11.809895270195858
170	600	0.9450530483921669	11.954191378050812
175	0	0.	7.842884517252431
175	10	0.010566062638801086	7.8443137655745625
175	20	0.021146087223662707	7.848600776646952
175	30	0.03175393869683461	7.855743320520486
175	40	0.042403288474766036	7.865737588762792
175	50	0.053107519087555094	7.878578064859249
175	60	0.06387963102263973	7.894257358660013
175	70	0.07473215330189403	7.912766019657687
175	80	0.08567705984181373	7.934092346519771
175	90	0.09672569412896091	7.9582222117582075
175	100	0.1078887050777245	7.985138920489051
175	110	0.11917599706033254	8.01482312079755
175	120	0.13059669691539216	8.047252780281646
175	130	0.14215914025079518	8.082403239057479
175	140	0.15387087854839737	8.120247344195281
175	150	0.16573870750584757	8.160755664679241
175	160	0.17776871583838225	8.203896780114487
175	170	0.18996635248999277	8.249637631128179
175	180	0.20233650906408276	8.297943915262204
175	190	0.2148836133541128	8.348780509528318
175	200	0.22761172927633605	8.402111899895637
175	210	0.2405246582939998	8.45790259878943
175	220	0.2536260376303678	8.516117533980507
175	230	0.26691943110640826	8.576722395659173
175	240	0.2804084092338134	8.639683932551378
175	250	0.2940966161928356	8.704970192169041
175	260	0.3079878223236049	8.772550704264106
175	270	0.32208596177460563	8.842396609952624
175	280	0.3363951557542972	8.914480741587324
175	290	0.3509197225838187	8.988777660208363
175	300	0.36566417618134917	9.065263658319406
175	310	0.38063321490817215	9.143916735926469
175	320	0.3958317028252504	9.224716557393027
175	330	0.41126464537116486	9.307644395873208
175	340	0.4269371613103451	9.392683071050175
175	350	0.4428544526120965	9.479816884767494
175	360	0.45902177362194563	9.569031558007302
175	370	0.47544440065540544	9.660314171619317
175	380	0.4921276028827575	9.753653112286685
175	390	0.5090766150812	9.849038024451433
175	400	0.5262966126980709	9.946459768318862
175	410	0.543792689438218	10.045910383608168
175	420	0.5615698374841129	10.1473830583972
175	430	0.5796329303139744	10.25087210212329
175	440	0.5979867080516762	10.356372922206877
175	450	0.6166357651786619	10.463882002299947
175	460	0.6355845404475966	10.573396882353475
175	470	0.6548373087814235	10.684916138724772
175	480	0.6743981749647919	10.798439363745064
175	490	0.6942710689271671	10.913967143901395
175	500	0.7144597424050645	11.031501035926116
175	510	0.7349677668292727	11.151043540181046
175	520	0.7557985322528208	11.272598070813924
175	530	0.7769552471758178	11.396168922250174
175	540	0.798440939120539	11.521761231663792
175	550	0.820258455880836	11.649380937141924
175	560	0.84241046727635	11.77903473132456
175	570	0.8648994673771528	11.910730010356907
175	580	0.8877277771120066	12.044474838605113
175	590	0.9108975471590339	12.180277811698367
175	600	0.9344107611043106	12.31814805515269
180	0	0.	8.404977674449027
180	10	0.011038559274472675	8.406321325212469
180	20	0.022089027592529165	8.4103511318589
180	30	0.03316321126553367	8.417063656078499
180	40	0.044272713414711715	8.426453164130368
180	50	0.05542883809592004	8.438511626640839
180	60	0.06664250136114673	8.453228727039841
180	70	0.07792415164052333	8.470591886117159
180	80	0.08928370179004813	8.490586310678545
180	90	0.1007304750046938	8.51319507376868
180	100	0.11227316650424221	8.538399232410592
180	110	0.1239198224399247	8.566177986411331
180	120	0.1356778368419109	8.596508878734344
180	130	0.14755396667147144	8.629368034561177
180	140	0.15955436418965213	8.664730432832142
180	150	0.17168462500155354	8.702570201145265
180	160	0.1839498493442975	8.742860922735254
180	170	0.1963547135406576	8.785575943087297
180	180	0.2089035481077231	8.830688663674726
180	190	0.2216004188243409	8.878172811319516
180	200	0.2344492071246329	8.928002673605326
180	210	0.24745368650802096	8.980153293372304
180	220	0.26061759215599656	9.034600618282454
180	230	0.27394468158916596	9.091321604447216
180	240	0.2874387849164836	9.15029427587142
180	250	0.3011038439372438	9.211497743771094
180	260	0.3149439400037991	9.274912191530865
180	270	0.32896331114740035	9.340518832127247
180	280	0.3431663593542542	9.40829984527942
180	290	0.3575576492372501	9.478238301477747
180	300	0.37214189949073423	9.55031807949662
180	310	0.3869239685866964	9.624523783150657
180	320	0.40190883615777234	9.700840662028295
180	330	0.4171015813725573	9.77925453984578
180	340	0.4325073595179531	9.859751752997434
180	350	0.448131377770604	9.942319100898123
180	360	0.4639788710030553	10.026943808864168
180	370	0.4800550782655368	10.113613503578225
180	380	0.4963652204175856	10.202316200636037
180	390	0.5129144792742687	10.293040303271123
180	400	0.5297079784327916	10.385774611081455
180	410	0.5467507659415121	10.480508337419806
180	420	0.5640477987944157	10.577231134036525
180	430	0.5816039292404862	10.675933121560233
180	440	0.5994238928241264	10.776604924447735
180	450	0.617512298059647	10.879237709044647
180	460	0.6358736175796966	10.983823224046683
180	470	0.6545121806778166	11.090353841043685
180	480	0.6734321670464057	11.198822595908949
180	490	0.6926376016279675	11.30922322889395
180	500	0.7121323503995565	11.421550223228444
180	510	0.7319201170237921	11.535798841514428
180	520	0.7520044402173257	11.651965159384694
180	530	0.7723886917467949	11.77004609597586
180	540	0.7930760749835326	11.890039436445026
180	550	0.8140696238985463	12.011943871014406
180	560	0.8353722024736879	12.135758991936912
180	570	0.8569865044371139	12.261485321539947
180	580	0.8789150532953479	12.389124319160699
180	590	0.901160202586956	12.518678377432975
180	600	0.9237241363621634	12.65015087574313
185	0	0.	8.916498759678808
185	10	0.011417114210719878	8.91775949548739
185	20	0.022843974983939544	8.92154033477687
185	30	0.0342902439866546	8.927837193206011
185	40	0.04576541584229509	8.936643330440631
185	50	0.057278741388289846	8.94794945045655
185	60	0.06883915881716161	8.961743841586523
185	70	0.0804552349034177	8.978012555333821
185	80	0.09213511814731491	8.996739621963899
185	90	0.10388650520490711	9.01790729952408
185	100	0.11571662142936093	9.0414963513334
185	110	0.1276322157517847	9.067486345295524
185	120	0.13963956950444253	9.095855966819174
185	130	0.1517445181784761	9.12658333589169
185	140	0.1639524845544252	9.159646318125743
185	150	0.1762685211872655	9.195022819515508
185	160	0.1886973599008418	9.232691055251124
185	170	0.20124346577034957	9.272629784220346
185	180	0.213911093054335	9.314818502667684
185	190	0.22670434067509942	9.359237592716937
185	200	0.23962720510455798	9.405868423890174
185	210	0.2526836288798555	9.454693408164426
185	220	0.2658775433896301	9.505696011304682
185	230	0.27921290501728757	9.558860725047186
185	240	0.29269372416816664	9.614173006079639
185	250	0.30632408708948433	9.67161918863148
185	260	0.320108170733739	9.731186377855714
185	270	0.33405025117458903	9.792862331102802
185	280	0.34815470626913014	9.856635333736477
185	290	0.36242601337362834	9.922494075414743
185	300	0.37686874298089956	9.990427531853593
185	310	0.3914875491204815	10.060424856097255
185	320	0.4062871573492112	10.132475282314513
185	330	0.42127235105986033	10.206568044185463
185	340	0.4364479567575893	10.282692309081526
185	350	0.45181882885970015	10.360837128498265
185	360	0.4673898344585111	10.44099140458924
185	370	0.48316583840598787	10.523143872168689
185	380	0.49915168898281403	10.607283095196305
185	390	0.5153522043442514	10.693397476512121
185	400	0.5317721598619757	10.78147527944219
185	410	0.5484162764300217	10.871504659824915
185	420	0.5652892097696389	10.963473707000407
185	430	0.5823955407151079	11.057370492344205
185	440	0.5997397664517823	11.153183123998557
185	450	0.6173262926558734	11.250899806548869
185	460	0.6351594264805906	11.350508904499971
185	470	0.6532433703143994	11.451999008519028
185	480	0.6715822162346803	11.555359003524924
185	490	0.6901799411000569	11.660578137811996
185	500	0.7090404022069867	11.7676460924985
185	510	0.728167333439661	11.876553050684016
185	520	0.7475643418480526	11.987289765784196
185	530	0.7672349046258965	12.09984762858727
185	540	0.7871823664026422	12.214218732641895
185	550	0.8074099368257304	12.330395937644168
185	560	0.8279206883850249	12.448372930539007
185	570	0.8487175544421114	12.56814428409469
185	580	0.8698033274497399	12.689705512741767
185	590	0.8911806573032741	12.813053128294825
185	600	0.9128520498262829	12.938184678162528
190	0	0.	9.380456845187133
190	10	0.011711336988495403	9.381636374591379
190	20	0.023430316097536614	9.385173532670809
190	30	0.03516452790217955	9.39106406340848
190	40	0.046921461790992776	9.399300986790994
190	50	0.05870846003259112	9.409874764458387
190	60	0.07053267715791073	9.422773523028217
190	70	0.08240104598692594	9.437983326883522
190	80	0.09432025128642449	9.455488490412876
190	90	0.10629671166008019	9.475271918303145
190	100	0.11833656986798341	9.497315461595154
190	110	0.1304456913772994	9.521600276882825
190	120	0.14262967058381848	9.548107176299974
190	130	0.15489384383516963	9.57681695678987
190	140	0.16724330814858462	9.60771069854145
190	150	0.1796829443617501	9.640770024312475
190	160	0.19221744337828758	9.675977313519123
190	170	0.20485133418341042	9.713315867306735
190	180	0.21758901237922879	9.752770023173369
190	190	0.23043476812764518	9.794325219949727
190	200	0.2433928125653505	9.837968015920232
190	210	0.2564673019555425	9.883686064506193
190	220	0.2696623590426729	9.931468053164048
190	230	0.2829820912884009	9.981303611958952
190	240	0.29643060583064557	10.033183198667551
190	250	0.31001202118323007	10.08709796728417
190	260	0.32373047579975306	10.14303962650917
190	270	0.33759013373985275	10.201000294257447
190	280	0.35159518772434933	10.260972353510851
190	290	0.36574985991565695	10.322948314020927
190	300	0.38005840076537933	10.386920683508642
190	310	0.394525086279307	10.45288185115807
190	320	0.4091542140211431	10.520823985399298
190	330	0.4239500981552086	10.590738947251285
190	340	0.4389170637984723	10.66261821986331
190	350	0.4540594409078782	10.736452854363549
190	360	0.4693815578988918	10.81223343169372
190	370	0.4848877351594268	10.889950039777029
190	380	0.5005822785813683	10.969592265122424
190	390	0.5164694732048946	11.051149197801287
190	400	0.5325535770624176	11.134609448632476
190	410	0.5488388152556812	11.21996117736483
190	420	0.5653293743053085	11.30719213064215
190	430	0.5820293968014727	11.39628968856639
190	440	0.5989429763394961	11.487240918726341
190	450	0.6160741527637021	11.580032636630458
190	460	0.6334269076871174	11.674651471561955
190	470	0.651005160287838	11.771083936960052
190	480	0.6688127633584262	11.869316504517588
190	490	0.6868534995853038	11.969335681271312
190	500	0.7051310780535321	12.071128089042599
190	510	0.7236491309253822	12.17468054566235
190	520	0.7424112103074234	12.279980147485603
190	530	0.7614207852652768	12.387014352764536
190	540	0.7806812389701214	12.495771065506583
190	550	0.8001958659517832	12.606238719496044
190	560	0.8199678694665996	12.71840636220049
190	570	0.8400003589486571	12.832263738324508
190	580	0.8602963475066964	12.9478013728044
190	590	0.8808587495137141	13.06501065306773
190	600	0.9016903782134498	13.183883910403742
195	0	0.	9.805057392120881
195	10	0.0119295326534606	9.80615797470654
195	20	0.0238647811175502	9.809458350336671
195	30	0.03581145059913394	9.814954444351166
195	40	0.04777522516442367	9.822639602521788
195	50	0.05976175734649315	9.832504788843272
195	60	0.07177665799484553	9.84453884800014
195	70	0.08382548648855638	9.85872881938627
195	80	0.09591374145880036	9.875060287528827
195	90	0.10804685218557306	9.89351775278315
195	100	0.12023017084202217	9.914085006216004
195	110	0.13246896575540204	9.936745493588672
195	120	0.14476841583794048	9.961482655126089
195	130	0.15713360630740833	9.988280230106229
195	140	0.16956952577912757	10.017122517998565
195	150	0.18208106476097227	10.04799459069987
195	160	0.19467301553427793	10.08088245316253
195	170	0.20735007335150968	10.115773152225096
195	180	0.22011683884306713	10.152654835621563
195	190	0.23297782148517127	10.191516764895225
195	200	0.24593744395610867	10.232349287246652
195	210	0.25900004719437797	10.275143772211274
195	220	0.2721698959649669	10.319892519524004
195	230	0.28545118474574765	10.366588644639426
195	240	0.29884804375231466	10.41522594819898
195	250	0.3123645449449289	10.465798775337769
195	260	0.3260047078764038	10.518301870166589
195	270	0.3397725052600044	10.572730230109553
195	280	0.35367186817220597	10.629078964072658
195	290	0.36770669081552243	10.68734315770669
195	300	0.3818808347925529	10.747517748339963
195	310	0.396198132868771	10.809597411515355
195	320	0.41066239220767714	10.87357646048811
195	330	0.42527739707869167	10.93944875953319
195	340	0.4400469110612883	11.007207651478556
195	350	0.45497467875642617	11.076845899520402
195	360	0.4700644270436348	11.14835564308753
195	370	0.48531986590795023	11.22172836729581
195	380	0.5007446888807888	11.296954885365073
195	390	0.5163425731280619	11.374025333252554
195	400	0.5321171792161491	11.452929175679955
195	410	0.5480721506038461	11.533655222689893
195	420	0.5642111128802544	11.616191655855122
195	430	0.5805376727905563	11.700526063272255
195	440	0.5970554170698407	11.786645482499967
195	450	0.6137679111252008	11.874536450639095
195	460	0.6306786975626505	11.96418506080224
195	470	0.6477912946173195	12.05557702427211
195	480	0.6651091944684202	12.148697737706026
195	490	0.6826358614850995	12.243532354801713
195	500	0.7003747303909269	12.34006586189543
195	510	0.7183292043809735	12.438283157021369
195	520	0.7365026531808992	12.538169132011745
195	530	0.75489841107292	12.639708757268421
195	540	0.7735197748921855	12.742887168883
195	550	0.7923700019769433	12.847689757824014
195	560	0.8114523081160474	12.954102260949716
195	570	0.8307698654519468	13.06211085363954
195	580	0.8503258003806465	13.17170224386847
195	590	0.870123191423783	13.282863767577162
195	600	0.8901650670805877	13.395583485215164
200	0	0.	10.199469489338625
200	10	0.012079608451951602	10.200494112472704
200	20	0.02416325982913848	10.203566751928332
200	30	0.03625502831409381	10.20868376088373
200	40	0.048359048285639084	10.215839201997426
200	50	0.06047953884183098	10.225025049269131
200	60	0.07262082222176078	10.23623145319344
200	70	0.08478733499074789	10.249447053749503
200	80	0.09698363147475911	10.264659323890905
200	90	0.10921437954838834	10.281854925742708
200	100	0.12148434943459231	10.30102006257023
200	110	0.13379839661328213	10.322140811522344
200	120	0.1461614402328065	10.345203424856537
200	130	0.1585784385641794	10.370194590482887
200	140	0.17105436304173396	10.397101645898069
200	150	0.1835941723255295	10.425912742649595
200	160	0.196202787620819	10.456616961178185
200	170	0.20888507024115316	10.489204378112007
200	180	0.22164580213192667	10.523666089780463
200	190	0.2344896698011763	10.559994196883773
200	200	0.2474212518639358	10.598181755944836
200	210	0.2604450101997474	10.638222703454227
200	220	0.2735652845523337	10.680111758578727
200	230	0.28678629028639574	10.723844310022692
200	240	0.3001121189310916	10.769416292184129
200	250	0.31354674109326947	10.816824055198849
200	260	0.32709401131366284	10.866064232868842
200	270	0.3407576744432688	10.917133611864259
200	280	0.3545413731427025	10.970029005001104
200	290	0.3684486561448692	11.024747130848535
200	300	0.38248298696323857	11.081284501420459
200	310	0.39664775277571324	11.139637319264294
200	320	0.41094627325624405	11.199801384873828
200	330	0.42538180917853	11.261772015024949
200	340	0.43995757064175506	11.32554397235647
200	350	0.4546767248246484	11.391111406290628
200	360	0.46954240318465745	11.458467805205299
200	370	0.48455770806446224	11.527605959623173
200	380	0.49972571867477195	11.598517936073291
200	390	0.5150494964535376	11.671195061197357
200	400	0.5305320898075625	11.745627915615072
200	410	0.5461765382552873	11.821806337026807
200	420	0.5619858760010966	11.899719432011054
200	430	0.577963134966504	11.97935559596855
200	440	0.5941113473333566	12.060702540670759
200	450	0.6104335476132342	12.143747328884476
200	460	0.6269327743052338	12.228476415564959
200	470	0.6436120711658635	12.314875695138161
200	480	0.6604744881344038	12.402930554420307
200	490	0.6775230819601109	12.492625930757743
200	500	0.6947609165396622	12.583946375003368
200	510	0.7121910630284098	12.676876118979143
200	520	0.7298165997351457	12.771399147112145
200	530	0.7476406118254311	12.86749927196224
200	540	0.7656661908781237	12.965160213395167
200	550	0.7838964342870685	13.064365681186155
200	560	0.802334444562038	13.165099460869481
200	570	0.8209833285111462	13.267345502679245
200	580	0.8398461963526517	13.371088013453146
200	590	0.8589261607436592	13.476311551398556
200	600	0.8782263357514088	13.58300112364254
205	0	0.	10.571182660861401
205	10	0.012169140306668587	10.572134828016042
205	20	0.024340945850203282	10.574990299555509
205	30	0.03651815074840755	10.579746025088749
205	40	0.048703622081682635	10.586397049140036
205	50	0.060900414857951314	10.594936694544284
205	60	0.07311181443744684	10.60535680152289
205	70	0.08534136417347304	10.617648007060966
205	80	0.09759287733362368	10.631800047685656
205	90	0.10987043364183006	10.647802068757542
205	100	0.12217836188736587	10.66564292474763
205	110	0.13452121088554345	10.685311457357798
205	120	0.14690371159939106	10.706796741360938
205	130	0.15933073344200618	10.730088291295703
205	140	0.17180723770911874	10.755176225310464
205	150	0.18433823081159084	10.782051385257745
205	160	0.19692871954343424	10.810705414437992
205	170	0.2095836701256234	10.841130796114545
205	180	0.222307972240299	10.87332085707829
205	190	0.23510640879207254	10.907269741191092
205	200	0.2479836317042865	10.942972358069797
205	210	0.26094414371355273	10.980424311987425
205	220	0.27399228586280144	11.019621815760239
205	230	0.28713223020706186	11.060561593942962
205	240	0.3003679771327939	11.103240779137348
205	250	0.3137033566298316	11.147656804682153
205	260	0.3271420328506039	11.193807296470782
205	270	0.3406875113036042	11.241689966158832
205	280	0.35434314808131906	11.291302507589112
205	290	0.36811216057420376	11.342642497881622
205	300	0.3819976391949384	11.39570730430948
205	310	0.39600255969937703	11.450493997805683
205	320	0.4101297957669747	11.506999273715401
205	330	0.424382131548752	11.565219380217341
205	340	0.43876227397001155	11.625150054681262
205	350	0.45327286461113236	11.68678646810068
205	360	0.4679164910340732	11.750123177637064
205	370	0.4826956974697471	11.815154087227478
205	380	0.49761299480436333	11.881872416143045
205	390	0.5126708698305279	11.950270675332717
205	400	0.5278717937553569	12.020340651347809
205	410	0.5432182299681663	12.092073397612932
205	420	0.5587126410849252	12.165459232788157
205	430	0.5743574953018754	12.240487745953816
205	440	0.5901552720900005	12.317147808342206
205	450	0.6061084672685448	12.39542759133862
205	460	0.6222195975095822	12.475314590476412
205	470	0.6384912043120378	12.556795655158725
205	480	0.6549258574863317	12.639857023848212
205	490	0.6715261582021431	12.724484364479373
205	500	0.688294741648267	12.810662819863087
205	510	0.7052342793274936	12.898377057869869
205	520	0.7223474810446551	12.987611326196017
205	530	0.739637096620992	13.078349511537194
205	540	0.7571059173657434	13.170575203012959
205	550	0.7747567773409685	13.264271759708087
205	560	0.7925925544510616	13.359422381406459
205	570	0.810616171388827	13.456010188252346
205	580	0.8288305964504261	13.554018291462528
205	590	0.8472388442651193	13.653429885052583
205	600	0.8658439764344209	13.754228328363798
210	0	0.	10.925114420578607
210	10	0.012205244944837055	10.925997895395671
210	20	0.024412092830715864	10.928647530893885
210	30	0.036622245064635496	10.933060991998783
210	40	0.048837593007565086	10.939234490434274
210	50	0.06106029624871391	10.947162931777058
210	60	0.07329284279775615	10.956840105921316
210	70	0.08553808811518385	10.968258907745366
210	80	0.0977992718541795	10.9814115737143
210	90	0.110080013053544	10.996289920487865
210	100	0.12238428609142095	11.01288557311086
210	110	0.13471638084799925	11.031190172701178
210	120	0.14708085117562233	11.051195556328116
210	130	0.159482455960005	11.072893904623347
210	140	0.17192609684674004	11.096277855292636
210	150	0.1844167562123097	11.121340582899055
210	160	0.19695943829095106	11.148075846968203
210	170	0.2095591156284215	11.176478011607303
210	180	0.2222206823111593	11.206542040481
210	190	0.23494891476642712	11.238263471230635
210	200	0.24774844038323574	11.271638373360503
210	210	0.2606237137771574	11.306663293341924
210	220	0.2735790002155189	11.343335190289011
210	230	0.2866183655154745	11.381651365107732
210	240	0.2997456716173282	11.421609385561567
210	250	0.3129645769883511	11.463207009266048
210	260	0.32627854102742676	11.506442106239259
210	270	0.3396908316813818	11.551312582304915
210	280	0.35320453555552	11.59781630436912
210	290	0.36682256987496287	11.645951028367879
210	300	0.38054769575101366	11.695714330503975
210	310	0.39438253226920006	11.747103542250983
210	320	0.40832957101917194	11.800115689492058
210	330	0.4223911907388066	11.854747436075186
210	340	0.4365696718206247	11.910995031999581
210	350	0.4508672104767512	11.96885426639362
210	360	0.465285932422117	12.028320425402002
210	370	0.47982790595356495	12.089388255063895
210	380	0.49449515435909436	12.152051929233636
210	390	0.5092896676060737	12.21630502257002
210	400	0.5242134132839052	12.282140488597593
210	410	0.5392683467989398	12.349550642824
210	420	0.554456420823987	12.41852715088055
210	430	0.5697795940340246	12.48906102163803
210	440	0.5852398391418979	12.561142605238565
210	450	0.6008391502819072	12.63476159597308
210	460	0.6165795497771576	12.709907039927115
210	470	0.6324630943251581	12.786567347312214
210	480	0.64849188066194	12.864730309396126
210	490	0.6646680507322995	12.944383119945343
210	500	0.6809937964229205	13.025512401093081
210	510	0.6974713639024589	13.108104233550373
210	520	0.7141030575965062	13.192144191081848
210	530	0.730891243865254	13.27761737830156
210	540	0.7478383543981338	13.364508477908132
210	550	0.7649468893840866	13.452801788649857
210	560	0.7822194204745627	13.542481285140909
210	570	0.7996585935946277	13.633530668361287
210	580	0.8172671316219496	13.725933425452697
210	590	0.8350478369655675	13.819672892631583
210	600	0.8530035940753661	13.914732322113503
215	0	0.	11.26381726067466
215	10	0.012194465039898343	11.264635866827732
215	20	0.024389794518348905	11.26709116901411
215	30	0.03658697012262699	11.271181639367024
215	40	0.04878719951111562	11.27690479952755
215	50	0.06099200893350425	11.284257316873829
215	60	0.07320331391724696	11.293235128251464
215	70	0.08542346445016603	11.303833581940927
215	80	0.09765526352974506	11.316047588048823
215	90	0.10990196024092622	11.329871767992618
215	100	0.12216722040413021	11.345300595058063
215	110	0.13445507914068214	11.362328519853794
215	120	0.14676988038755023	11.380950076555077
215	130	0.15911620849612312	11.401159967841068
215	140	0.17149881668972553	11.422953128180632
215	150	0.1839225564692544	11.446324766490084
215	160	0.196392311196285	11.471270390131027
215	170	0.2089129361766577	11.497785812760455
215	180	0.22148920670772645	11.52586714875095
215	190	0.23412577480739516	11.55551079684835
215	200	0.2468271347384327	11.586713415512296
215	210	0.259597596992906	11.619471892066102
215	220	0.2724412700881247	11.653783307427037
215	230	0.28536204934043274	11.689644897838766
215	240	0.2983636116883645	11.72705401471213
215	250	0.3114494156248479	11.766008083412911
215	260	0.3246227053289728	11.806504561620503
215	270	0.3378865181557401	11.848540897717246
215	280	0.35124369473411865	11.892114489549453
215	290	0.36469689100996683	11.93722264381961
215	300	0.3782485916736434	11.983862536316746
215	310	0.39190112450027287	12.032031173161586
215	320	0.4056566752060863	12.08172535322723
215	330	0.4195173025146761	12.132941631889903
215	340	0.4334849531736867	12.185676286263336
215	350	0.4475614767283307	12.239925282071646
215	360	0.46174863990581416	12.295684242316534
215	370	0.47604814049785366	12.352948417894615
215	380	0.49046162066268556	12.41171266031809
215	390	0.5049906795995913	12.471971396687863
215	400	0.5196368855642772	12.533718607060575
215	410	0.5344017872122723	12.596947804342829
215	420	0.5492869242744416	12.661652016834674
215	430	0.5642938375751295	12.727823773533585
215	440	0.5794240784165104	12.795455092296761
215	450	0.5946792173514834	12.864537470948777
215	460	0.6100608523840836	12.935061881407842
215	470	0.6255706166269107	13.007018766893445
215	480	0.6412101854586626	13.080398042267555
215	490	0.6569812832143647	13.155189097552087
215	500	0.6728856894643277	13.23138080465725
215	510	0.6889252448928065	13.308961527349945
215	520	0.705101856855341	13.387919133705593
215	530	0.7214175046224665	13.468241016621713
215	540	0.7378742443654822	13.549914105525536
215	550	0.7544742139237091	13.632924897704374
215	560	0.7712196373760778	13.71725948069232
215	570	0.7881128294795644	13.802903562963566
215	580	0.8051561999801167	13.889842507211327
215	590	0.8223522578555102	13.978061367075085
215	600	0.8397036155067349	14.067544927365311
220	0	0.	11.588105263038768
220	10	0.012142713389824238	11.58886275329575
220	20	0.024285880156951743	11.59113500850011
220	30	0.03643007685196576	11.594921389314987
220	40	0.04857611719002704	11.600220853952546
220	50	0.06072514874154808	11.607031991268238
220	60	0.0728787261480507	11.615353062387864
220	70	0.08503885719269316	11.625182047062786
220	80	0.0972080207293873	11.636516690925973
220	90	0.10938915795094543	11.649354550278208
220	100	0.12158564046113272	11.663693031832269
220	110	0.13380121994800165	11.67952942580936
220	120	0.14603996488954482	11.696860931747329
220	130	0.1583061897327853	11.715684677210309
220	140	0.17060438150580812	11.735997730202586
220	150	0.18293912802240384	11.757797106457126
220	160	0.19531505087811002	11.781079772906319
220	170	0.20773674546192716	11.805842648592971
220	180	0.22020872930494154	11.832082604101032
220	190	0.232735399332974	11.859796460334639
220	200	0.24532099799060963	11.888980987201379
220	210	0.25796958777600715	11.919632902497305
220	220	0.27068503344974343	11.951748871071697
220	230	0.28347099101627576	11.985325504180492
220	240	0.29633090252170347	12.020359358821723
220	250	0.30926799572010766	12.0568469367807
220	260	0.32228528770963255	12.094784683089296
220	270	0.33538559173152366	12.134168983614215
220	280	0.34857152641099326	12.174996161523401
220	290	0.36184552682823923	12.217262472430484
220	300	0.3752098568949578	12.260964098075346
220	310	0.3886666226096021	12.306097138461505
220	320	0.4022177858356369	12.352657602429924
220	330	0.41586517832476816	12.400641396705423
220	340	0.4296105157570561	12.450044313499951
220	350	0.44345541163116625	12.50086201679902
220	360	0.45740139086940657	12.55309002749031
220	370	0.4714499030396631	12.606723707519683
220	380	0.48560233512850237	12.661758243277351
220	390	0.4998600238200339	12.7181886284288
220	400	0.5142242672396389	12.776009646410332
220	410	0.5286963361701275	12.83521585280962
220	420	0.5432774847164653	12.89580155784824
220	430	0.5579689604416015	12.957760809175463
220	440	0.5727720139749716	13.021087375173765
220	450	0.587687908126977	13.085774728964202
220	460	0.6027179265163274	13.151816033288258
220	470	0.6178633817550456	13.219204126427826
220	480	0.6331256232080936	13.287931509313026
220	490	0.6485060443639442	13.357990333953197
220	500	0.6640060898489868	13.429372393313816
220	510	0.6796272621176312	13.502069112750567
220	520	0.6953711278583651	13.576071543193402
220	530	0.7112393241394113	13.651370355658335
220	540	0.7272335643396538	13.727955838341263
220	550	0.7433556438922991	13.805817894934522
220	560	0.7596074458857947	13.884946045223604
220	570	0.7759909465384535	13.965329427665319
220	580	0.7925082206011035	14.046956804064829
220	590	0.8091614467145967	14.129816566414608
220	600	0.8259529127473494	14.21389674595692
225	0	0.	11.897692787239937
225	10	0.01205527051215427	11.898392769144825
225	20	0.024110914285566467	11.900492828065758
225	30	0.03616741919482325	11.903993294909933
225	40	0.04822549360780681	11.90889469263547
225	50	0.060286155842291224	11.91519769508864
225	60	0.07235080141049968	11.922903072608625
225	70	0.08442124469773919	11.932011627390699
225	80	0.09649973430131349	11.94252412211148
225	90	0.10858894361366048	11.954441205592394
225	100	0.12069194009179776	11.967763339288227
225	110	0.13281213785837692	11.982490728140542
225	120	0.14495323880591465	11.998623258863743
225	130	0.15711916730393025	12.016160448090147
225	140	0.1693140030831073	12.035101402059523
225	150	0.18154191606246015	12.05544478877091
225	160	0.19380710595151177	12.077188822786336
225	170	0.2061137485334803	12.100331262237514
225	180	0.21846594970032754	12.124869417071494
225	190	0.23086770762614928	12.150800167193552
225	200	0.24332288293732382	12.178119988924443
225	210	0.2558351763756471	12.206824988072187
225	220	0.26840811321921626	12.23691093790596
225	230	0.2810450336129642	12.268373320388665
225	240	0.2937490879252714	12.30120736915229
225	250	0.30652323627545236	12.33540811286588
225	260	0.31937025144299724	12.370970417831677
225	270	0.3322927244481693	12.407889028836859
225	280	0.34529307219359506	12.446158607476441
225	290	0.3583735466420678	12.48577376733957
225	300	0.37153624509894306	12.52672910561205
225	310	0.38478312124265474	12.569019230791039
225	320	0.3981159966171392	12.61263878633105
225	330	0.41153657235785673	12.65758247014586
225	340	0.42504644097596916	12.703845049977453
225	350	0.4386470980589768	12.75142137471463
225	360	0.45233995379255565	12.80030638179935
225	370	0.46612634421817845	12.850495100902796
225	380	0.4800075421784743	12.901982654084481
225	390	0.49398476791128776	12.954764252670541
225	400	0.5080591992697095	13.008835191100882
225	410	0.522231981554039	13.064190838003
225	420	0.5365042369547794	13.120826624751457
225	430	0.5508770736068256	13.178738031769061
225	440	0.5653515942689877	13.2379205728197
225	450	0.5799289046317111	13.29836977753343
225	460	0.5946101212786721	13.360081172392448
225	470	0.6093963793181119	13.423050260394076
225	480	0.6242888397008501	13.487272499592294
225	490	0.6392886962525878	13.552743280705306
225	500	0.6543971824439864	13.619457903960141
225	510	0.6696155779185328	13.687411555332165
225	520	0.6849452148112355	13.756599282664304
225	530	0.7003874838788541	13.827015969519612
225	540	0.7159438404736069	13.898656313341379
225	550	0.7316158103849558	13.971514797814383
225	560	0.7474049955760372	14.045585669205709
225	570	0.7633130798576883	14.120862911236298
225	580	0.7793418345025473	14.197340220303277
225	590	0.7954931238564115	14.27501098087357
225	600	0.8117689109692261	14.353868241097556
230	0	0.	12.191687013792038
230	10	0.011936818327079246	12.192332915136356
230	20	0.023874266845519458	12.194271091561845
230	30	0.0358130659107891	12.197502933088707
230	40	0.0477541092021956	12.202030667879487
230	50	0.0596985337320014	12.207857236161589
230	60	0.07164777211750488	12.214986126405487
230	70	0.08360358451785753	12.223421184772969
230	80	0.09556806972941866	12.233166409909188
230	90	0.10754365682641844	12.24422574510167
230	100	0.11953308020075842	12.256602878806424
230	110	0.13153934177890442	12.270301062783869
230	120	0.14356566456335218	12.28532295488083
230	130	0.15561544153588422	12.30167049112497
230	140	0.16769218349578988	12.319344789508897
230	150	0.17979946872808028	12.33834608581552
230	160	0.19194089663704525	12.35867370018424
230	170	0.20412004673981488	12.380326031885847
230	180	0.21634044376128012	12.40330057895436
230	190	0.22860552904581136	12.427593978873569
230	200	0.24091863810473366	12.453202066370155
230	210	0.25328298385409276	12.480119944452387
230	220	0.2657016449371659	12.50834206508458
230	230	0.2781775584538446	12.537862316241478
230	240	0.29071351640840765	12.568674112494403
230	250	0.30331216521940507	12.600770486704139
230	260	0.3159760076948276	12.634144180807498
230	270	0.32870740694303674	12.668787734068298
230	280	0.3415085917712603	12.704693567508548
230	290	0.3543816631884148	12.741854063538048
230	300	0.3673286017043068	12.78026164005995
230	310	0.3803512751705384	12.819908818547349
230	320	0.3934514469626928	12.860788285766333
230	330	0.40663078434875655	12.902892948967523
230	340	0.41989086691519034	12.946215984485168
230	350	0.433233194967968	12.990750879776131
230	360	0.44665919782944913	13.036491469001827
230	370	0.4601702419863261	13.083431962311462
230	380	0.4737676390505234	13.131566969023927
230	390	0.4874526535080486	13.180891514934366
230	400	0.501226510243185	13.231401053990009
230	410	0.5150904018250698	13.283091474590126
230	420	0.5290454955566786	13.335959100770474
230	430	0.5430929402875171	13.390000688531169
230	440	0.5572338729937588	13.445213417562824
230	450	0.5714694251321275	13.501594878618313
230	460	0.5858007287788671	13.55914305676686
230	470	0.6002289225645063	13.617856310754743
230	480	0.6147551574141199	13.677733348683887
230	490	0.6293806021108723	13.738773200203465
230	500	0.6441064486979652	13.800975185394375
230	510	0.6589339177258426	13.864338880509987
230	520	0.6738642633771028	13.92886408071858
230	530	0.6888987784653847	13.994550759976619
230	540	0.704038799353818	14.061399028143395
230	550	0.7192857107768117	14.129409084116103
230	560	0.7346409506234838	14.198581172119237
230	570	0.7501060146680579	14.268915528455793
230	580	0.7656824612892329	14.34041232053821
230	590	0.7813719161974254	14.413071605529042
230	600	0.7971760771821836	14.48689326316394
235	0	0.	12.468915201893815
235	10	0.01179149387063249	12.469510261680561
235	20	0.023584222033906938	12.471296306673462
235	30	0.035379467282194745	12.474275885802735
235	40	0.047178605565851475	12.47845309111746
235	50	0.05898314344914217	12.483833336110678
235	60	0.07079474587444198	12.490423068960006
235	70	0.0826152528518486	12.498229440897251
235	80	0.09444668484962568	12.507259951545326
235	90	0.10629123769831593	12.517522092565008
235	100	0.11815126861659798	12.529023008675248
235	110	0.13002927545345824	12.54176919157002
235	120	0.14192787142084537	12.55576621803892
235	130	0.15384975750635696	12.571018539258242
235	140	0.16579769448288653	12.587529324195863
235	150	0.17777447604564614	12.605300356664861
235	160	0.18978290418881558	12.62433198292033
235	170	0.20182576752677944	12.644623104850925
235	180	0.2139058229157243	12.666171212710443
235	190	0.22602578045340008	12.6889724508502
235	200	0.23818829172758957	12.71302170991195
235	210	0.2503959410538827	12.738312739283948
235	220	0.26265123936150747	12.764838274186165
235	230	0.27495662035912377	12.79259017243181
235	240	0.28731443860960737	12.821559556634273
235	250	0.2997269691676564	12.851736958335428
235	260	0.31219640846771757	12.883112461189492
235	270	0.3247248761885144	12.915675840924271
235	280	0.33731441786328054	12.949416700312234
235	290	0.3499670080454126	12.984324597815899
235	300	0.36268455387114057	13.02038916892981
235	310	0.3754688988953595	13.057600239533027
235	320	0.3883218271017222	13.095947930799074
235	330	0.4012450670099345	13.135422755394279
235	340	0.41424029582323973	13.176015704838036
235	350	0.4273091435688417	13.217718328007162
235	360	0.440453197203429	13.260522800848758
235	370	0.45367400465422164	13.30442198742512
235	380	0.46697307878247435	13.349409492457715
235	390	0.48035190125719845	13.39547970556583
235	400	0.49381192633210763	13.442627837414676
235	410	0.5073545845183388	13.490849947997319
235	420	0.5209812861567957	13.540142967280378
235	430	0.5346934248835897	13.590504708440365
235	440	0.5484923809943202	13.641933873914764
235	450	0.5623795247104747	13.694430054482863
235	460	0.5763562193455902	13.747993721580839
235	470	0.5904238243799363	13.802626213044602
235	480	0.6045836984485461	13.858329712457504
235	490	0.6188372022458968	13.915107222267132
235	500	0.6331857013529043	13.972962530816881
235	510	0.6476305689946854	14.031900173420487
235	520	0.6621731887302023	14.091925387589704
235	530	0.6768149570927953	14.153044062504483
235	540	0.6915572861685145	14.215262682794412
235	550	0.7064016061471422	14.278588266679261
235	560	0.7213493678277787	14.343028298492781
235	570	0.7364020451067181	14.408590655590766
235	580	0.7515611374459518	14.475283529619897
235	590	0.7668281723381473	14.54311534209822
235	600	0.7822047077770804	14.612094654230734
240	0	0.	12.728120369526199
240	10	0.011622951356177653	12.728667643985366
240	20	0.023248102990335046	12.730310764540059
240	30	0.03487764346325462	12.733053551517457
240	40	0.04651373879822533	12.736902140474703
240	50	0.05815852334077253	12.741864653912776
240	60	0.06981409287555708	12.747950777580611
240	70	0.08148250031677043	12.755171271944665
240	80	0.09316575401693335	12.763537451618479
240	90	0.1048658184973319	12.773060664497441
240	100	0.11658461722018927	12.783751798602763
240	110	0.1283240369129702	12.795620839056422
240	120	0.1400859329183168	12.808676491117867
240	130	0.15187213506602645	12.822925878664979
240	140	0.163684453631603	12.838374321555234
240	150	0.17552468503596036	12.855025190380767
240	160	0.1873946170411111	12.872879833425623
240	170	0.1992960332882429	12.891937568149327
240	180	0.2112307171052601	12.912195728132444
240	190	0.2232004545738682	12.93364975592889
240	200	0.23520703688938288	12.956293332453363
240	210	0.24725226207874956	12.980118534175903
240	220	0.2593379361530607	13.005116010315573
240	230	0.27146587378145	13.031275173273656
240	240	0.2836378985678249	13.058584396617022
240	250	0.2958558430079012	13.087031215942227
240	260	0.30812154819433557	13.116602528875562
240	270	0.320436863329394	13.147284791273735
240	280	0.3328036450912928	13.179064207376681
240	290	0.345223756896947	13.211926912232943
240	300	0.3576990680907974	13.245859145179589
240	310	0.370231453083046	13.280847413524535
240	320	0.38282279045888157	13.316878645866113
240	330	0.3954749620684638	13.35394033470296
240	340	0.40818985210940784	13.39202066815313
240	350	0.4209693462091886	13.431108650722509
240	360	0.43381533050836896	13.471194213150014
240	370	0.44672969075129404	13.512268311418842
240	380	0.4597143113795907	13.554323015063463
240	390	0.4727710746337504	13.597351584928166
240	400	0.48590185965976623	13.64134854054774
240	410	0.4991085416161213	13.68630971732597
240	420	0.5123929907840346	13.732232313688488
240	430	0.5257570716770652	13.779114928380862
240	440	0.5392026421460118	13.826957588075178
240	450	0.5527315524763414	13.87576176543684
240	460	0.5663456444788417	13.925530387791701
240	470	0.5800467505671103	13.976267836517712
240	480	0.5938366928189839	14.0279799372705
240	490	0.6077172820200492	14.080673941135064
240	500	0.6216903166846006	14.134358496776175
240	510	0.6357575820520956	14.189043613642058
240	520	0.6499208490548277	14.244740616253614
240	530	0.6641818732489303	14.301462089588966
240	540	0.6785423937118109	14.359221815549644
240	550	0.6930041318969264	14.41803470046841
240	560	0.7075687904407609	14.477916693591599
240	570	0.7222380519189809	14.53888469643784
240	580	0.7370135775458642	14.600956462906744
240	590	0.7518970058127863	14.664150489971844
240	600	0.7668899510530387	14.728485898761061
245	0	0.	12.968067536836964
245	10	0.011434425098695659	12.968572436293972
245	20	0.02287239767786408	12.97008878722885
245	30	0.03431737333068823	12.972621456842486
245	40	0.04577263122290102	12.976178262844291
245	50	0.05724120329963657	12.980769556756496
245	60	0.06872582192731698	12.986407686756218
245	70	0.08022888849712034	12.993106379281514
245	80	0.0917524632761982	13.000880081316089
245	90	0.10329827480920206	13.009743303724107
245	100	0.11486774568845678	13.019710001014834
245	110	0.1264620306360952	13.03079301560966
245	120	0.13808206256934163	13.043003606287392
245	130	0.14972860254614284	13.05635107209935
245	140	0.16140229006487106	13.070842475513347
245	150	0.17310369095682257	13.08648246238694
245	160	0.18483334092659776	13.103273171806402
245	170	0.1965917835574871	13.121214225837814
245	180	0.20837960224590305	13.140302787638587
245	190	0.2201974460282213	13.160533675901
245	200	0.23204604962102476	13.181899523951229
245	210	0.24392624821600778	13.204390972730154
245	220	0.2558389876911666	13.227996888102712
245	230	0.26778533093427354	13.252704594297215
245	240	0.2797664609551729	13.278500116634316
245	250	0.2917836814105627	13.305368427980529
245	260	0.3038384150904181	13.33329369450421
245	270	0.3159322008355178	13.362259517298988
245	280	0.32806668927639354	13.392249167268565
245	290	0.3402436377101197	13.423245811344248
245	300	0.35246490436710903	13.455232728648516
245	310	0.3647324422636054	13.488193515642692
245	320	0.3770482927892862	13.522112279621728
245	330	0.38941457914158956	13.556973820164652
245	340	0.401833499689421	13.59276379832799
245	350	0.41430732132090625	13.629468893498728
245	360	0.4268383728193945	13.667076947912078
245	370	0.4394290382884281	13.70557709889799
245	380	0.45208175064462724	13.744959898957815
245	390	0.46479898518470386	13.785217423791147
245	400	0.4775832532263486	13.826343368402245
245	410	0.49043709582546297	13.868333131414152
245	420	0.5033630775613627	13.911183887712399
245	430	0.5163637803824848	13.954894649530203
245	440	0.5294417975081394	13.999466316073159
245	450	0.5425997273719592	14.04490171176627
245	460	0.5558401675989949	14.09120561318994
245	470	0.5691657090061656	14.138384764753244
245	480	0.5825789296116328	14.186447883134385
245	490	0.5960823886445007	14.235405650497562
245	500	0.6096786205346056	14.285270696476474
245	510	0.6233701288798124	14.336057568890128
245	520	0.6371593803631399	14.387782693135124
245	530	0.6510487986112399	14.44046432017196
245	540	0.6650407579776013	14.494122462997316
245	550	0.679137577229605	14.548778819192483
245	560	0.6933415131172843	14.604456691989661
245	570	0.7076547538104141	14.661180880416703
245	580	0.7220794121717824	14.718977574498389
245	590	0.7366175188494963	14.777874229937957
245	600	0.7512710151555155	14.8378994313926