T [MeV]	muB [MeV]	nB/T^3
100	0	0.
100	10	0.000046794176202836115
100	20	0.00009422258789673515
100	30	0.00014292980331888933
100	40	0.0001935811948073523
100	50	0.0002468736888645167
100	60	0.00030354693851989317
100	70	0.00036439506605405626
100	80	0.0004302791313139141
100	90	0.0005021404890959555
100	100	0.0005810152097662112
100	110	0.0006680497502597801
100	120	0.0007645180777014534
100	130	0.0008718404664425085
100	140	0.0009916042100306698
100	150	0.0011255865149713076
100	160	0.0012757798715148227
100	170	0.0014444202306000853
100	180	0.001634018354841144
100	190	0.0018473947563327293
100	200	0.0020877186867668414
100	210	0.0023585517062890094
100	220	0.002663896426578381
100	230	0.0030082511093581384
100	240	0.003396670893012226
100	250	0.003834836537297711
100	260	0.004329131702832907
100	270	0.004886729940418089
100	280	0.005515692745846274
100	290	0.006225080250848874
100	300	0.007025076375844443
100	310	0.007927130574126872
100	320	0.008944118658190496
100	330	0.010090525628868554
100	340	0.011382653956084841
100	350	0.012838861373804104
100	360	0.014479833025667504
100	370	0.016328893709137114
100	380	0.018412367110566274
100	390	0.02075999028055429
100	400	0.023405393356874506
100	410	0.026386656615666262
100	420	0.029746959606896068
100	430	0.03353534047531203
100	440	0.037807587713942103
100	450	0.042627292067464885
100	460	0.04806709298343974
100	470	0.054210163135898784
100	480	0.06115198591529622
100	490	0.06900249620677586
100	500	0.07788867509838192
100	510	0.08795771667939567
100	520	0.09938092232841
100	530	0.11235853105162473
100	540	0.12712576620759256
100	550	0.14396048841329398
100	560	0.16319299702983672
100	570	0.1852187658602
100	580	0.21051526240688406
100	590	0.23966459389992986
100	600	0.2733846844964165
100	605	0.2922306947506916
100	610	0.3125731423232651
100	615	0.33456253833804367
100	620	0.3583697066538444
100	625	0.3841888525852511
100	630	0.41223997596873646
102	600	0.32527639640423667
102	605	0.34776129101595726
102	610	0.37210322931881595
102	615	0.39850670954348694
102	620	0.4272100191082092
102	625	0.458494377064297
102	630	0.4926968710679202
104	600	0.38512664252333745
104	605	0.41171882174918134
104	610	0.4405445862683371
104	615	0.47186434562068674
104	620	0.5059943163688877
104	625	0.5433374565853005
104	630	0.5844504339571269
105	0	0.
105	10	0.00012605738102046415
105	20	0.0002534012778371311
105	30	0.00038333474201847795
105	40	0.0005171940743428651
105	50	0.0006563658955964866
105	60	0.0008023047593711139
105	70	0.0009565514974469658
105	80	0.0011207524987752713
105	90	0.0012966801337991412
105	100	0.0014862545518247304
105	110	0.0016915670960076488
105	120	0.0019149056031098211
105	130	0.0021587818797336265
105	140	0.002425961678172706
105	150	0.0027194975280776996
105	160	0.0030427648240295537
105	170	0.0033995016141728177
105	180	0.003793852594655807
105	190	0.004230417875616688
105	200	0.004714307165163023
105	210	0.005251200103733147
105	220	0.005847413586530287
105	230	0.006509977035549069
105	240	0.007246716722278008
105	250	0.008066350416668876
105	260	0.008978593833676808
105	270	0.00999428058501353
105	280	0.011125497628913877
105	290	0.012385738536793655
105	300	0.01379007730519635
105	310	0.015355365909926895
105	320	0.017100459382520524
105	330	0.019046472879515754
105	340	0.021217076066609098
105	350	0.02363883115180632
105	360	0.026341582171785716
105	370	0.02935890466656843
105	380	0.032728626797758224
105	390	0.03649343528356005
105	400	0.04070158251711194
105	410	0.045407714889948485
105	420	0.05067384697349944
105	430	0.056570512139315667
105	440	0.0631781276478885
105	450	0.0705886220117925
105	460	0.07890738469314229
105	470	0.08825561477412153
105	480	0.09877316618855177
105	490	0.11062201610373068
105	500	0.12399052003668969
105	510	0.1390986695682272
105	520	0.1562046383964343
105	530	0.17561300150150416
105	540	0.1976851527727185
105	550	0.22285265548685237
105	560	0.2516345883100519
105	570	0.28466051287368904
105	580	0.3227017728083674
105	590	0.36671643556149947
105	600	0.41792053554579145
105	605	0.446699898922214
105	610	0.47792507230753456
105	615	0.5119157740502112
105	620	0.5490992437733428
105	625	0.5901102257095611
105	630	0.6360437854383205
106	600	0.45250543038246427
106	605	0.48361071372170805
106	610	0.5174720249517917
106	615	0.5545746632716123
106	620	0.5956891902076689
106	625	0.6422172606403413
106	630	0.697102987998675
108	600	0.5275656433585942
108	605	0.5648875018907191
108	610	0.6069711853153273
108	615	0.6559914219925758
108	620	0.7161521331809512
108	625	0.7955451805920893
108	630	0.9072560415233426
110	0	0.
110	10	0.0002486118655901366
110	20	0.0004993730362430207
110	30	0.0007544564831895562
110	40	0.0010160827759860336
110	50	0.0012865445497286256
110	60	0.0015682317831639348
110	70	0.0018636581724799934
110	80	0.0021754889004696526
110	90	0.002506570115288008
110	100	0.002859960458105464
110	110	0.003238964999222965
110	120	0.0036471719792746157
110	130	0.004088492782713169
110	140	0.004567205617369836
110	150	0.005088003420764464
110	160	0.005656046573697728
110	170	0.006277021069136594
110	180	0.0069572028603198865
110	190	0.007703529204664243
110	200	0.008523677924898413
110	210	0.009426155633322957
110	220	0.010420396101037864
110	230	0.011516870131505126
110	240	0.012727208476399231
110	250	0.0140643395722325
110	260	0.015542644134776152
110	270	0.017178128955842552
110	280	0.018988622621813292
110	290	0.020993996301532893
110	300	0.023216413252738967
110	310	0.025680611320931548
110	320	0.028414223407589305
110	330	0.03144814173440838
110	340	0.0348169327927586
110	350	0.038559311041358804
110	360	0.04271868093591607
110	370	0.047343758643779495
110	380	0.052489286916417244
110	390	0.058216859327983476
110	400	0.06459587308207393
110	410	0.07170463384396979
110	420	0.07963164048800378
110	430	0.08847708414489784
110	440	0.09835460337663704
110	450	0.10939334693563821
110	460	0.12174040913532067
110	470	0.13556371968118736
110	480	0.15105549605498023
110	490	0.16843640541061158
110	500	0.1879606474713934
110	510	0.20992228992623424
110	520	0.2346634226158481
110	530	0.26258521000993235
110	540	0.29416411251396146
110	550	0.3299785394606809
110	560	0.37075923903127433
110	570	0.4175000751759466
110	580	0.4717392024574566
110	590	0.5363701034151735
110	600	0.6182204487488867
110	605	0.6705858431111266
110	610	0.7360656574300707
110	615	0.8210587233642779
110	620	0.9301959038643645
110	625	1.054918197134901
110	630	1.1666973806541818
112	600	0.7501722580291815
112	605	0.8327816465813969
112	610	0.929390310841602
112	615	1.0291251568918118
112	620	1.1151269170547204
112	625	1.1785776110248938
112	630	1.224444109440722
114	600	0.9088664694402648
114	605	0.9889576375043542
114	610	1.0595121749984286
114	615	1.1160477090368914
114	620	1.1605183449771057
114	625	1.1980340674451018
114	630	1.2331387120871828
115	0	0.
115	10	0.00044258075468925167
115	20	0.0008885007109503346
115	30	0.0013411331172152
115	40	0.0018039196996563105
115	50	0.0022804058655121204
115	60	0.0027742770739308583
115	70	0.0032893967831930876
115	80	0.0038298463977105035
115	90	0.004399967658783232
115	100	0.005004407951270434
115	110	0.005648169023859195
115	120	0.006336659664041883
115	130	0.007075752901895912
115	140	0.007871848377022239
115	150	0.00873194055084379
115	160	0.00966369351427355
115	170	0.010675523222026362
115	180	0.011776688058837529
115	190	0.012977388751269022
115	200	0.014288878744906329
115	210	0.015723586295368155
115	220	0.01729524966681599
115	230	0.019019066998665884
115	240	0.02091186258334096
115	250	0.02299227152298163
115	260	0.02528094497639005
115	270	0.027800778480205037
115	280	0.030577166162850635
115	290	0.033638284038312316
115	300	0.03701540597707186
115	310	0.04074325647561897
115	320	0.044860404879921385
115	330	0.049409706416938114
115	340	0.054438796142108684
115	350	0.06000064290045476
115	360	0.06615417149519279
115	370	0.07296496267862727
115	380	0.08050604245288427
115	390	0.08885877462257838
115	400	0.09811387374501691
115	410	0.10837256091167283
115	420	0.1197478920419726
115	430	0.13236630077653191
115	440	0.14636941856225913
115	450	0.16191626987500038
115	460	0.17918600465792026
115	470	0.19838145023755935
115	480	0.21973399207204772
115	490	0.243510745055883
115	500	0.27002589583253256
115	510	0.29966002099382644
115	520	0.3328953516493887
115	530	0.3703842067124085
115	540	0.4130886431592211
115	550	0.4625752533345907
115	560	0.5216360942306524
115	570	0.5954628677907406
115	580	0.6928351706036403
115	590	0.821738055184355
115	600	0.9673278646428294
115	605	1.0321925908576672
115	610	1.0861080267500458
115	615	1.129985094621916
115	620	1.167340098273319
115	625	1.20177344521834
115	630	1.235687633044635
116	600	1.006128746711456
116	605	1.0575609778316903
116	610	1.1006749439089663
116	615	1.137784437198832
116	620	1.1716649735167988
116	625	1.2044567080369135
116	630	1.2373511528588517
118	600	1.0463932116610872
118	605	1.0824704916770664
118	610	1.1152314902106706
118	615	1.14619203691724
118	620	1.1764996885806502
118	625	1.2068145857302606
118	630	1.23734343438676
120	0	0.
120	10	0.0007403464174067777
120	20	0.001485760048352562
120	30	0.0022413543669054263
120	40	0.003012335850781612
120	50	0.00380405169381529
120	60	0.004622038981799716
120	70	0.005472075838302608
120	80	0.006360235063053337
120	90	0.007292940804338152
120	100	0.008277028835065925
120	110	0.009319811029159865
120	120	0.010429144670196004
120	130	0.011613507268702397
120	140	0.012882077606505534
120	150	0.014244823783453311
120	160	0.015712599104482104
120	170	0.01729724671271404
120	180	0.01901171395595867
120	190	0.020870177559964783
120	200	0.022888180798109597
120	210	0.025082783945921488
120	220	0.02747272946459209
120	230	0.030078623493699223
120	240	0.03292313544528203
120	250	0.03603121765721131
120	260	0.0394303473770437
120	270	0.04315079360184117
120	280	0.04722591168769766
120	290	0.051692469135023414
120	300	0.05659100648382494
120	310	0.06196623807461296
120	320	0.06786749840344111
120	330	0.07434924116424181
120	340	0.08147159998453446
120	350	0.08930102250354692
120	360	0.09791099325382942
120	370	0.10738286655868777
120	380	0.11780683889915851
120	390	0.1292831031576473
120	400	0.14192324679468366
120	410	0.1558519866827191
120	420	0.17120938248804618
120	430	0.18815374874570726
120	440	0.20686561282164356
120	450	0.22755327488534705
120	460	0.25046086944256946
120	470	0.2758803902415596
120	480	0.3041700515855307
120	490	0.33578275740263513
120	500	0.37131034600058
120	510	0.4115508641659277
120	520	0.4576035010516441
120	530	0.5109748740102438
120	540	0.5735999183014368
120	550	0.6474571267017748
120	560	0.7330946356614296
120	570	0.8266995918497855
120	580	0.9184788584392835
120	590	0.9981489903173989
120	600	1.063811418982511
120	605	1.093146796289467
120	610	1.12136371464184
120	615	1.1491554928717815
120	620	1.176943562785714
120	625	1.2048821477591756
120	630	1.2328917078620194
125	0	0.
125	10	0.001159105608252075
125	20	0.002325639921798738
125	30	0.00350708706504053
125	40	0.004711042580448269
125	50	0.00594527059049507
125	60	0.007217762717771744
125	70	0.008536799368013421
125	80	0.009911014003454252
125	90	0.011349461057197488
125	100	0.01286168816656449
125	110	0.014457813442818533
125	120	0.016148608534840316
125	130	0.017945588297287724
125	140	0.01986110792902112
125	150	0.02190846852405608
125	160	0.02410203204901755
125	170	0.0264573468635649
125	180	0.028991285012124023
125	190	0.03172219263984969
125	200	0.034670055055498
125	210	0.037856678141192764
125	220	0.041305888045138975
125	230	0.045043751368074814
125	240	0.04909881839939057
125	250	0.05350239239508908
125	260	0.058288828404540395
125	270	0.06349586587707952
125	280	0.06916500013493387
125	290	0.07534189895489873
125	300	0.08207687201640862
125	310	0.08942540296931076
125	320	0.0974487565277949
125	330	0.10621467657277914
125	340	0.11579819611764726
125	350	0.12628258644139195
125	360	0.13776048170848557
125	370	0.15033522724888468
125	380	0.16412251590752064
125	390	0.17925239813804797
125	400	0.1958717790811524
125	410	0.21414754875841224
125	420	0.23427052816912813
125	430	0.2564604407389328
125	440	0.2809721099878279
125	450	0.3081029672645636
125	460	0.33820157672021145
125	470	0.37167591687554286
125	480	0.4089979410993568
125	490	0.450696272254559
125	500	0.4973200082461292
125	510	0.5493423191069033
125	520	0.6069573159238346
125	530	0.6697316985171734
125	540	0.7361651501271684
125	550	0.8034527376621243
125	560	0.8679837310749334
125	570	0.926799872896637
125	580	0.9791315861837069
125	590	1.0265814283549124
125	600	1.0718023480478656
125	605	1.0942977730909853
125	610	1.116951172225055
125	615	1.139827559000825
125	620	1.1629064771948783
125	625	1.1860895280895503
125	630	1.2092085133437012
130	0	0.
130	10	0.0017128368803064743
130	20	0.0034360076329896946
130	30	0.0051799055919950505
130	40	0.006955043784888331
130	50	0.008772116713544099
130	60	0.010642064474967136
130	70	0.01257614003774557
130	80	0.0145859805169578
130	90	0.016683683332371965
130	100	0.018881888177136725
130	110	0.021193865785129797
130	120	0.02363361455480298
130	130	0.02621596615705542
130	140	0.028956701364250426
130	150	0.03187267742665903
130	160	0.03498196846957996
130	170	0.03830402050503815
130	180	0.04185982284558459
130	190	0.04567209788150379
130	200	0.0497655114164804
130	210	0.05416690601814232
130	220	0.05890556012935434
130	230	0.06401347603862625
130	240	0.06952570020015926
130	250	0.07548067983793329
130	260	0.08192066028895313
130	270	0.0888921280793667
130	280	0.09644630532127774
130	290	0.10463970165455609
130	300	0.11353473044560779
130	310	0.12320039632326923
130	320	0.1337130610755129
130	330	0.14515729408151834
130	340	0.1576268110913119
130	350	0.17122550031057365
130	360	0.18606852542839072
130	370	0.20228347831614504
130	380	0.22001152484077563
130	390	0.23940843702215006
130	400	0.26064532153650277
130	410	0.2839087173733858
130	420	0.3093995166531361
130	430	0.33732982256609
130	440	0.3679163506173661
130	450	0.4013682781399572
130	460	0.4378665890054493
130	470	0.47753120850714764
130	480	0.5203722721064993
130	490	0.566224281924615
130	500	0.6146691813953699
130	510	0.6649691121958767
130	520	0.7160505879133753
130	530	0.7665967878653145
130	540	0.8152867012100662
130	550	0.8611452020709337
130	560	0.9038622100576774
130	570	0.9438968325732613
130	580	0.9822823866877257
130	590	1.0202289975829342
130	600	1.0587214267965808
130	605	1.0783509570524599
130	610	1.0982598949479114
130	615	1.118420862966132
130	620	1.1387722158050355
130	625	1.159220550701244
130	630	1.179643485567903
135	0	0.
135	10	0.0024282506147181096
135	20	0.004870063979957844
135	30	0.007339063565782316
135	40	0.009848995387112772
135	50	0.012413792052638546
135	60	0.015047640173525638
135	70	0.01776505230454243
135	80	0.020580944629271063
135	90	0.023510721652502835
135	100	0.026570369229560974
135	110	0.029776557328108424
135	120	0.03314675399381984
135	130	0.03669935207906678
135	140	0.04045381036966287
135	150	0.044430810831196516
135	160	0.04865243375832962
135	170	0.053142352676930946
135	180	0.057926050844316526
135	190	0.06303106119306481
135	200	0.06848723142599218
135	210	0.07432701578330723
135	220	0.08058579461867664
135	230	0.08730222233448974
135	240	0.09451860334802209
135	250	0.10228129442021835
135	260	0.11064112982465238
135	270	0.11965386311151688
135	280	0.12938061552125113
135	290	0.13988831586752443
135	300	0.1512501096231309
135	310	0.16354570528576454
135	320	0.17686161308762216
135	330	0.19129121384696782
135	340	0.20693457311492747
135	350	0.2238978865959389
135	360	0.24229240630477336
135	370	0.26223265238132026
135	380	0.2838336650838585
135	390	0.30720699862003337
135	400	0.3324551140025763
135	410	0.359663811650878
135	420	0.3888923894178262
135	430	0.4201613727833429
135	440	0.4534380172970454
135	450	0.48862041902269476
135	460	0.5255220693971
135	470	0.5638600468185261
135	480	0.6032515553099468
135	490	0.6432246527866603
135	500	0.6832487906886929
135	510	0.7227880176927047
135	520	0.7613735906003423
135	530	0.7986840517132363
135	540	0.8346126609272798
135	550	0.8692993389806227
135	560	0.9031107816247131
135	570	0.9365675093715381
135	580	0.970233920452177
135	590	1.0045986159227942
135	600	1.039972384484099
135	605	1.0580690132281678
135	610	1.076421949439107
135	615	1.0949972900766316
135	620	1.1137447834320895
135	625	1.132598849970587
135	630	1.1514799305997925
140	0	0.
140	10	0.0033393987904241592
140	20	0.006695540286684277
140	30	0.01008523060086576
140	40	0.013525404148233118
140	50	0.01703319153362947
140	60	0.020625991945281905
140	70	0.02432155159351784
140	80	0.02813804976083696
140	90	0.03209419404791228
140	100	0.03620932642145328
140	110	0.04050354164795836
140	120	0.04499781968117627
140	130	0.04971417345975621
140	140	0.05467581343098266
140	150	0.05990732984721869
140	160	0.0654348934824276
140	170	0.07128647484559163
140	180	0.07749208112985263
140	190	0.08408400901073362
140	200	0.09109710985021247
140	210	0.09856906185970978
140	220	0.10654064107792012
140	230	0.11505597967379505
140	240	0.12416279581356741
140	250	0.13391257414778482
140	260	0.14436066971350184
140	270	0.15556630083245795
140	280	0.16759238847265573
140	290	0.18050519097859363
140	300	0.19437367460954075
140	310	0.20926855330653032
140	320	0.22526092682648094
140	330	0.24242044740706933
140	340	0.26081295444084523
140	350	0.28049753745385075
140	360	0.301523024535112
140	370	0.3239239491935596
140	380	0.34771612608696617
140	390	0.3728920649806395
140	400	0.39941656707594037
140	410	0.4272229681984216
140	420	0.4562106011565869
140	430	0.4862441193022838
140	440	0.5171553257606052
140	450	0.5487480600979933
140	460	0.58080648456076
140	470	0.6131067806357626
140	480	0.6454318347009798
140	490	0.6775879921653984
140	500	0.7094224636372126
140	510	0.7408395314572184
140	520	0.7718134140819497
140	530	0.8023955479648194
140	540	0.8327142166034789
140	550	0.8629649407050661
140	560	0.893390912057985
140	570	0.9242540243559569
140	580	0.9557986862931896
140	590	0.9882123692914214
140	600	1.0215883640632093
140	605	1.0386332574239412
140	610	1.0558969082615806
140	615	1.0733539107929326
140	620	1.0909702443754912
140	625	1.1087037791542662
140	630	1.1265050447327454
145	0	0.
145	10	0.004463364089120826
145	20	0.008946055565471995
145	30	0.013467471098333746
145	40	0.018047147560844554
145	50	0.02270483622048125
145	60	0.0274605817972637
145	70	0.03233480794206562
145	80	0.037348410599189905
145	90	0.042522860582897185
145	100	0.04788031649176185
145	110	0.05344374876904507
145	120	0.05923707527710058
145	130	0.06528530811663381
145	140	0.07161471056637063
145	150	0.07825296185051016
145	160	0.085229325931108
145	170	0.09257481857106244
145	180	0.10032236446783147
145	190	0.10850693330929599
145	200	0.11716564008987876
145	210	0.12633779106287363
145	220	0.13606485246065125
145	230	0.1463903148234203
145	240	0.15735942206156103
145	250	0.16901873183179467
145	260	0.18141547352715826
145	270	0.19459667326569682
145	280	0.20860802311618817
145	290	0.22349248578541744
145	300	0.23928864682221604
145	310	0.2560288545738342
145	320	0.27373722228703146
145	330	0.2924276043039441
145	340	0.31210169443938335
145	350	0.33274742310088323
145	360	0.354337842977316
145	370	0.376830684852654
145	380	0.40016873031444916
145	390	0.42428108806758863
145	400	0.4490853794613795
145	410	0.47449074928120966
145	420	0.5004015335166765
145	430	0.526721352238708
145	440	0.553357365014482
145	450	0.5802244316781339
145	460	0.6072489623150372
145	470	0.6343723029349095
145	480	0.6615535722789152
145	490	0.688771922878904
145	500	0.7160282245232772
145	510	0.7433461482525372
145	520	0.770772555269312
145	530	0.7983769605577491
145	540	0.826249666158348
145	550	0.8544979734539825
145	560	0.8832397586502817
145	570	0.9125937425968068
145	580	0.9426661467736684
145	590	0.9735342125640062
145	600	1.0052282729793398
145	605	1.021377591260588
145	610	1.037715437060158
145	615	1.0542260607096596
145	620	1.0708889298647022
145	625	1.0876789678809826
145	630	1.1045669879495605
150	0	0.
150	10	0.005758987632359516
150	20	0.011538684891161919
150	30	0.01735987378314506
150	40	0.023243482277342128
150	50	0.029210660228055005
150	60	0.035282858638397904
150	70	0.04148191304571532
150	80	0.047830131482623675
150	90	0.05435038699185422
150	100	0.061066214046522946
150	110	0.06800190735942177
150	120	0.07518262045229412
150	130	0.0826344599274164
150	140	0.09038456961006146
150	150	0.09846119659679678
150	160	0.10689372878159921
150	170	0.11571269071128414
150	180	0.12494968184755871
150	190	0.13463723877729086
150	200	0.14480860110001842
150	210	0.15549736029121658
150	220	0.16673697257094533
150	230	0.17856012167667532
150	240	0.19099792629121962
150	250	0.2040790003101034
150	260	0.21782839227511946
150	270	0.23226645203063934
150	280	0.2474076960868262
150	290	0.26325976441450744
150	300	0.2798225761472267
150	310	0.29708779469152646
150	320	0.3150387000727585
150	330	0.33365053631520153
150	340	0.3528913558580388
150	350	0.3727233276304451
150	360	0.39310441945550834
150	370	0.41399031921376245
150	380	0.43533643238688735
150	390	0.45709979061881095
150	400	0.4792407276973471
150	410	0.5017242198385277
150	420	0.5245208388857512
150	430	0.5476073189992455
150	440	0.5709667831831513
150	450	0.5945887083967278
150	460	0.6184687267351374
150	470	0.6426083632157619
150	480	0.6670148044574715
150	490	0.691700771831364
150	500	0.7166845471250862
150	510	0.7419901582791751
150	520	0.7676476800524705
150	530	0.7936935314928362
150	540	0.8201705534666153
150	550	0.8471275289107059
150	560	0.8746176838040252
150	570	0.9026956157958346
150	580	0.9314121383506101
150	590	0.9608068012730634
150	600	0.9908984757519672
150	605	1.0062034490366543
150	610	1.021675348199246
150	615	1.0373065447438754
150	620	1.0530867032618536
150	625	1.0690028283194073
150	630	1.0850394409918753
155	0	0.
155	10	0.007099573643440638
155	20	0.014219647740025931
155	30	0.021380784398826392
155	40	0.028603669180734214
155	50	0.035909173046395286
155	60	0.043318414207819386
155	70	0.05085281921977932
155	80	0.058534182065774945
155	90	0.06638471921178889
155	100	0.07442711759871098
155	110	0.08268457131336994
155	120	0.0911808011979834
155	130	0.09994005000842318
155	140	0.1089870439347772
155	150	0.1183469096180338
155	160	0.1280450343952638
155	170	0.1381068569012921
155	180	0.14855757577478504
155	190	0.15942176679399828
155	200	0.1707229039264586
155	210	0.18248278806332405
155	220	0.19472089892900094
155	230	0.20745370024622972
155	240	0.2206939445102963
155	250	0.2344500391258647
155	260	0.24872554682803774
155	270	0.26351889631486203
155	280	0.27882337032274906
155	290	0.29462741635558987
155	300	0.31091529092616
155	310	0.3276680061536671
155	320	0.34486450537314917
155	330	0.3624829606604393
155	340	0.38050206749909626
155	350	0.3989022141794604
155	360	0.4176664250705974
155	370	0.4367810125353445
155	380	0.45623591376541534
155	390	0.4760247284683858
155	400	0.49614450399765725
155	410	0.5165953337064773
155	420	0.5373798410641866
155	430	0.5585026193640761
155	440	0.5799696873878479
155	450	0.6017880092527687
155	460	0.6239651143076818
155	470	0.6465088429984952
155	480	0.6694272361928978
155	490	0.6927285811417445
155	500	0.7164216222158347
155	510	0.740515940044569
155	520	0.7650224916277897
155	530	0.7899542840037987
155	540	0.8153271160111824
155	550	0.8411602591063414
155	560	0.8674768577717196
155	570	0.8943037138740624
155	580	0.9216700158148873
155	590	0.9496045507363678
155	600	0.9781311084294362
155	605	0.9926209542582977
155	610	1.007262265341991
155	615	1.0220537297942531
155	620	1.0369925243538656
155	625	1.052074200203893
155	630	1.0672926421661406
160	0	0.
160	10	0.008319270644605482
160	20	0.016657355571270224
160	30	0.025033104774275422
160	40	0.03346543868512098
160	50	0.04197338077836918
160	60	0.05057608662834381
160	70	0.05929286753903797
160	80	0.0681432062657911
160	90	0.07714676158963293
160	100	0.08632335761814294
160	110	0.0956929527257864
160	120	0.10527558207930797
160	130	0.11509126689289524
160	140	0.12515988314298837
160	150	0.13550098272168484
160	160	0.14613356136664515
160	170	0.1570757705482667
160	180	0.16834457528088984
160	190	0.17995536674944854
160	200	0.19192154764580913
160	210	0.2042541184805017
160	220	0.21696130350717857
160	230	0.23004826304040937
160	240	0.24351694216386408
160	250	0.25736610140158006
160	260	0.2715915610993205
160	270	0.28618666813302535
160	280	0.3011429639266287
160	290	0.31645100178263047
160	300	0.3321012359692758
160	310	0.34808489101408857
160	320	0.36439472116868676
160	330	0.38102558673721265
160	340	0.3979748021051718
160	350	0.41524224326130454
160	360	0.4328302333929316
160	370	0.4507432481983721
160	380	0.4689874954174468
160	390	0.48757042538560635
160	400	0.5065002240006479
160	410	0.5257853288650916
160	420	0.5454339971390886
160	430	0.5654539423771094
160	440	0.5858520483897962
160	450	0.6066341623729042
160	460	0.6278049666521875
160	470	0.6493679289167151
160	480	0.6713253335879571
160	490	0.6936784023544464
160	500	0.7164275186544106
160	510	0.7395725794290319
160	520	0.7631135043993451
160	530	0.7870509374552845
160	540	0.8113871685839729
160	550	0.8361272797222135
160	560	0.8612804582070527
160	570	0.8868613103506356
160	580	0.9128908391086175
160	590	0.939396541550608
160	600	0.9664109210301264
160	605	0.9801195263308631
160	610	0.9939677661341086
160	615	1.0079590561161498
160	620	1.02209602443495
160	625	1.0363802586712756
160	630	1.0508120782933041
165	0	0.
165	10	0.009313322499497106
165	20	0.018642912733658545
165	30	0.028005045957079262
165	40	0.03741601095203111
165	50	0.04689211290426656
165	60	0.056449671324314644
165	70	0.06610501088717606
165	80	0.0758744426959473
165	90	0.08577423306051406
165	100	0.0958205564914018
165	110	0.1060294293121414
165	120	0.11641662023699159
165	130	0.12699753459275268
165	140	0.13778706980995215
165	150	0.14879944159725098
165	160	0.16004798305618226
165	170	0.17154492302882668
165	180	0.18330115512419087
165	190	0.1953260147577165
165	200	0.20762708737431787
165	210	0.2202100755191386
165	220	0.23307875398050606
165	230	0.24623503919280731
165	240	0.25967919030402803
165	250	0.27341014474751474
165	260	0.28742597241582524
165	270	0.30172441279296497
165	280	0.3163034431307776
165	290	0.3311618169957975
165	300	0.3462995141954084
165	310	0.36171805514330996
165	320	0.37742065269399866
165	330	0.3934121976000856
165	340	0.40969909519653464
165	350	0.42628898642516294
165	360	0.44319039418556583
165	370	0.4604123361375305
165	380	0.4779639394211425
165	390	0.49585408375250456
165	400	0.5140910893912666
165	410	0.5326824575570542
165	420	0.5516346638412094
165	430	0.5709530007652429
165	440	0.5906414634872987
165	450	0.6107026727884893
165	460	0.6311378313249423
165	470	0.6519467128176119
165	480	0.6731276893036142
165	490	0.6946778088330852
165	500	0.7165929462563838
165	510	0.7388680624287749
165	520	0.7614976231140504
165	530	0.7844762466232397
165	540	0.8077996635561154
165	550	0.8314660740693541
165	560	0.8554779572787591
165	570	0.8798442925406769
165	580	0.9045829560465456
165	590	0.929722732570407
165	600	0.9553039783282274
165	605	0.9682755207163207
165	610	0.981376668564575
165	615	0.9946142403166676
165	620	1.0079947271775835
165	625	1.0215239235566669
165	630	1.0352065453019708
170	0	0.
170	10	0.010077064663783034
170	20	0.020167724055821318
170	30	0.030285562084749015
170	40	0.04044413964598128
170	50	0.05065697963510311
170	60	0.06093754766285455
170	70	0.07129922686008573
170	80	0.08175528505359778
170	90	0.09231883252976422
170	100	0.1030027686377393
170	110	0.11381971568759393
170	120	0.124781939077234
170	130	0.13590125342481457
170	140	0.1471889158168349
170	150	0.15865550916387364
170	160	0.17031082110464446
170	170	0.18216372678268822
170	180	0.19422208684616116
170	190	0.20649267462777277
170	200	0.2189811479394296
170	210	0.2316920803439755
170	220	0.2446290634025688
170	230	0.2577948848018317
170	240	0.2711917777937866
170	250	0.2848217262365722
170	260	0.29868679884969046
170	270	0.31278947854248473
170	280	0.3271329501930153
170	290	0.34172131407286777
170	300	0.3565597018182621
170	310	0.3716542854620808
170	320	0.38701218442203944
170	330	0.40264128767006635
170	340	0.41855001612518816
170	350	0.4347470531392489
170	360	0.4512410689401439
170	370	0.4680404596633502
170	380	0.48515311480378526
170	390	0.5025862200620829
170	400	0.5203460967598128
170	410	0.5384380747900229
170	420	0.556866393609059
170	430	0.5756341248286195
170	440	0.5947431103623789
170	450	0.6141939116575192
170	460	0.6339857679148496
170	470	0.6541165651868825
170	480	0.6745828231049734
170	490	0.6953797139657447
170	500	0.7165011391607363
170	510	0.7379399031336162
170	520	0.7596880457352709
170	530	0.7817374192944938
170	540	0.8040806256485173
170	550	0.8267124501981824
170	560	0.849631924482262
170	570	0.8728450754252448
170	580	0.8963682185964382
170	590	0.9202312630743251
170	600	0.9444799142098531
170	605	0.9567673841198852
170	610	0.9691750664190555
170	615	0.9817120836385866
170	620	0.994387539536567
170	625	1.007210058927616
170	630	1.0201872854212157
175	0	0.
175	10	0.010659431380768724
175	20	0.021330115591833895
175	30	0.03202328773713886
175	40	0.042750146517638296
175	50	0.053521833649928525
175	60	0.06434941042134022
175	70	0.07524383043596033
175	80	0.08621590765038442
175	90	0.09727627891100199
175	100	0.10843536041512716
175	110	0.1197032978757954
175	120	0.13108991072054516
175	130	0.1426046314373086
175	140	0.15425644221681706
175	150	0.1660538123201208
175	160	0.17800464102686497
175	170	0.19011621242536297
175	180	0.2023951694264034
175	190	0.21484751481644598
175	200	0.22747864651588232
175	210	0.24029343211389528
175	220	0.25329632402899427
175	230	0.266491511488277
175	240	0.2798830996034455
175	250	0.29347530016948015
175	260	0.3072726147881416
175	270	0.321279989683285
175	280	0.33550292377325824
175	290	0.3499475171008525
175	300	0.364620454441806
175	310	0.3795289273281087
175	320	0.39468050501145097
175	330	0.4100829697179181
175	340	0.4257441333832473
175	350	0.441671651928662
175	360	0.4578728499698881
175	370	0.4743545645024551
175	380	0.4911230116761457
175	390	0.5081836769011874
175	400	0.5255412256532842
175	410	0.5431994305603506
175	420	0.5611611095948469
175	430	0.5794280702806773
175	440	0.5980010556051556
175	450	0.6168796887519774
175	460	0.6360624159480966
175	470	0.6555464497679002
175	480	0.6753277200376345
175	490	0.6954008463181429
175	500	0.7157591566955072
175	510	0.736394793187152
175	520	0.7572989669105208
175	530	0.778462456565575
175	540	0.7998764817735992
175	550	0.8215341193702101
175	560	0.8434324466879373
175	570	0.8655755464254388
175	580	0.887978319431024
175	590	0.9106706314350714
175	600	0.9337006224383535
175	605	0.9453625031969373
175	610	0.9571351818486893
175	615	0.9690291690411253
175	620	0.9810551750765288
175	625	0.9932235876494734
175	630	1.0055438830679722
180	0	0.
180	10	0.011110337911679142
180	20	0.022230039305867668
180	30	0.03336845010701796
180	40	0.04453488056869048
180	50	0.05573858606388732
180	60	0.06698874626528699
180	70	0.07829444225696754
180	80	0.08966463121141531
180	90	0.1011081184089885
180	100	0.11263352659982559
180	110	0.12424926301367639
180	120	0.135963484744455
180	130	0.14778406376502226
180	140	0.1597185534604135
180	150	0.17177415925064934
180	160	0.1839577165340187
180	170	0.19627567968543674
180	180	0.2087341260117945
180	190	0.22133877821569445
180	200	0.23409504786326268
180	210	0.24700810051179495
180	220	0.26008294056842823
180	230	0.2733245109205984
180	240	0.28673779935736093
180	250	0.3003279414594717
180	260	0.3141003085623073
180	270	0.32806057010206646
180	280	0.3422147221601883
180	290	0.3565690779706232
180	300	0.3711302208307718
180	310	0.38590492427049317
180	320	0.40090004769380794
180	330	0.4161224174379513
180	340	0.4315787032184358
180	350	0.4472752984570692
180	360	0.4632182106346177
180	370	0.47941296502786074
180	380	0.4958645226162507
180	390	0.512577210801504
180	400	0.5295546641205856
180	410	0.5467997712635209
180	420	0.5643146244605968
180	430	0.5821004675153449
180	440	0.600157639355087
180	450	0.6184855110503091
180	460	0.6370824159002996
180	470	0.6559455746480058
180	480	0.6750710220002417
180	490	0.694453546735509
180	500	0.7140866678466568
180	510	0.733962684454073
180	520	0.7540728602895514
180	530	0.7744078364811383
180	540	0.7949584090007669
180	550	0.8157168545942677
180	560	0.8366790223513669
180	570	0.857847383287324
180	580	0.87923506624214
180	590	0.900870489476595
180	600	0.9228014359011689
180	605	0.9338983966369513
180	610	0.9450964268810368
180	615	0.9564066579115111
180	620	0.967840583313761
180	625	0.9794095039423395
180	630	0.9911238873146487
185	0	0.
185	10	0.01146211305764001
185	20	0.022932091336616594
185	30	0.03441778552217771
185	40	0.04592701694175195
185	50	0.05746756218753042
185	60	0.06904713694623323
185	70	0.0806733788544422
185	80	0.09235382928229106
185	90	0.1040959140664067
185	100	0.11590692337912707
185	110	0.12779399113087242
185	120	0.13976407456937576
185	130	0.1518239350444851
185	140	0.16398012123989977
185	150	0.17623895649245463
185	160	0.1886065320650354
185	170	0.20108870834200518
185	180	0.21369112577629717
185	190	0.22641922696066138
185	200	0.23927829034422066
185	210	0.2522734749103477
185	220	0.2654098736077702
185	230	0.27869257174165823
185	240	0.29212670511875305
185	250	0.3057175118593835
185	260	0.3194703717064716
185	270	0.33339082751783156
185	280	0.34748458539330646
185	290	0.3617574922561982
185	300	0.37621549226072776
185	310	0.39086456565979233
185	320	0.4057106553245736
185	330	0.4207595867127997
185	340	0.4360169868219479
185	350	0.45148820657338784
185	360	0.4671782496173676
185	370	0.48309170887474145
185	380	0.4992327106404636
185	390	0.515604864846946
185	400	0.5322112192118607
185	410	0.5490542145313027
185	420	0.5661356381522465
185	430	0.5834565728384242
185	440	0.601017338568852
185	450	0.6188174255163575
185	460	0.6368554176342238
185	470	0.6551289082681038
185	480	0.6736344124345398
185	490	0.6923672858799823
185	500	0.7113216700401517
185	510	0.7304904961881729
185	520	0.7498656043519383
185	530	0.7694380651894822
185	540	0.7891988378674105
185	550	0.809139950626577
185	560	0.8292564377223619
185	570	0.8495492657709907
185	580	0.8700293504752376
185	590	0.8907223729419307
185	600	0.9116733290369525
185	605	0.9222654946167221
185	610	0.9329486481605582
185	615	0.9437338989844098
185	620	0.9546328433784386
185	625	0.9656570059474605
185	630	0.9768171810451328
190	0	0.
190	10	0.011732245225088075
190	20	0.02347114557293393
190	30	0.035223345261673714
190	40	0.0469954665765492
190	50	0.058794098606895266
190	60	0.07062578566372348
190	70	0.08249701533429098
190	80	0.09441420619085766
190	90	0.10638369525061407
190	100	0.11841172538778938
190	110	0.13050443302412987
190	120	0.1426678365710884
190	130	0.15490782625326038
190	140	0.1672301560937945
190	150	0.17964043896783072
190	160	0.19214414569011096
190	170	0.2047466090618155
190	180	0.21745303362319565
190	190	0.23026851149725552
190	200	0.2431980441710257
190	210	0.2562465693571777
190	220	0.269418991275928
190	230	0.2827202119312959
190	240	0.2961551603342137
190	250	0.30972881635699856
190	260	0.3234462260338811
190	270	0.337312505769735
190	280	0.35133283394887177
190	290	0.3655124297393749
190	300	0.3798565202201374
190	310	0.39437029805990276
190	320	0.4090588727197609
190	330	0.4239272183494455
190	340	0.43898012130618397
190	350	0.45422212957033736
190	360	0.46965750545827123
190	370	0.48529018208885544
190	380	0.5011237231782766
190	390	0.5171612849941606
190	400	0.5334055787990821
190	410	0.5498588317089481
190	420	0.5665227437819477
190	430	0.5833984391095717
190	440	0.6004864088735498
190	450	0.617786444701266
190	460	0.6352975614747178
190	470	0.6530179101724964
190	480	0.6709446838616919
190	490	0.6890740245067387
190	500	0.707400945832191
190	510	0.7259193001375158
190	520	0.7446218371171893
190	530	0.7635004336184538
190	540	0.7825466171734504
190	550	0.8017525624965484
190	560	0.8211127965918833
190	570	0.8406268688460251
190	580	0.8603031481139093
190	590	0.8801635637042082
190	600	0.9002483633165792
190	605	0.9103932513692043
190	610	0.9206188239656011
190	615	0.9309356349599757
190	620	0.9413548199805842
190	625	0.9518875615007338
190	630	0.96254444502235
195	0	0.
195	10	0.011930473090033804
195	20	0.0238665983812532
195	30	0.03581402061669284
195	40	0.047778369595094065
195	50	0.05976525263675525
195	60	0.07178024699844818
195	70	0.08382889225942308
195	80	0.0959166827368477
195	90	0.1080490600325963
195	100	0.12023140586842003
195	110	0.13246903542809937
195	120	0.14476719148916684
195	130	0.15713103969077455
195	140	0.1695656653320297
195	150	0.18207607212081528
195	160	0.1946671832732962
195	170	0.2073438452914893
195	180	0.2201108345977696
195	190	0.2329728669779306
195	200	0.24593460948606044
195	210	0.2590006941110557
195	220	0.27217573214149077
195	230	0.28546432785371484
195	240	0.2988710899397703
195	250	0.312400639069811
195	260	0.32605761016686224
195	270	0.33984664835749007
195	280	0.35377239813325106
195	290	0.3678394858899168
195	300	0.3820524966276591
195	310	0.39641594607899283
195	320	0.41093424979973514
195	330	0.42561169078377786
195	340	0.44045238696285527
195	350	0.45546025955299374
195	360	0.47063900273158726
195	370	0.4859920545973375
195	380	0.5015225688713995
195	390	0.517233386384599
195	400	0.5331270050602482
195	410	0.5492055468550093
195	420	0.5654707199638886
195	430	0.5819237745230404
195	440	0.59856545003758
195	450	0.6153959129783371
195	460	0.6324146833745133
195	470	0.6496205503016369
195	480	0.6670114779000931
195	490	0.684584507156004
195	500	0.7023356647422117
195	510	0.7202599007831584
195	520	0.7383510948779002
195	530	0.7566021971060708
195	540	0.7750056118487884
195	550	0.7935539872131537
195	560	0.8122416346934672
195	570	0.8310668421037691
195	580	0.850035286981131
195	590	0.8691644757019155
195	600	0.8884884600680921
195	605	0.8982395162273634
195	610	0.9080609721283406
195	615	0.9179623919230832
195	620	0.9279539882962585
195	625	0.9380461365092319
195	630	0.9482487752879544
200	0	0.
200	10	0.012063797011482047
200	20	0.02413240252055913
200	30	0.03621062064862919
200	40	0.04830324679317849
200	50	0.06041506334087321
200	60	0.07255083548134436
200	70	0.08471530717306422
200	80	0.0969131973262652
200	90	0.10914919628510021
200	100	0.12142796270747008
200	110	0.13375412095765582
200	120	0.1461322591382016
200	130	0.1585669278907138
200	140	0.17106264008798833
200	150	0.18362387151163062
200	160	0.19625506256196987
200	170	0.2089606209746401
200	180	0.22174492541707427
200	190	0.23461232972068674
200	200	0.24756716737299445
200	210	0.2606137557673778
200	220	0.2737563996102426
200	230	0.28699939283235626
200	240	0.3003470183711655
200	250	0.31380354528943133
200	260	0.32737322287422244
200	270	0.3410602715975778
200	280	0.3548688710933394
200	290	0.36880314555117033
200	300	0.3828671471320922
200	310	0.39706483810932985
200	320	0.4114000724373949
200	330	0.42587657733887685
200	340	0.44049793529946235
200	350	0.45526756660684325
200	360	0.47018871228618453
200	370	0.4852644170155465
200	380	0.5004975113590885
200	390	0.5158905924390016
200	400	0.5314460020019712
200	410	0.5471658006753605
200	420	0.5630517370927903
200	430	0.5791052104561089
200	440	0.5953272250284318
200	450	0.6117183350821894
200	460	0.6282785789834926
200	470	0.6450074016839683
200	480	0.6619035660795456
200	490	0.6789650561628703
200	500	0.6961889795249051
200	510	0.7135714849530613
200	520	0.7311077250388753
200	530	0.7487919168698167
200	540	0.7666175896790762
200	550	0.7845781593227219
200	560	0.8026680315615398
200	570	0.8208844873525691
200	580	0.8392305844797655
200	590	0.8577191000990172
200	600	0.8763769691746345
200	605	0.88578259195444
200	610	0.8952486518215877
200	615	0.9047833827269819
200	620	0.9143957042151741
200	625	0.9240948060145829
200	630	0.9338896206969093
205	0	0.
205	10	0.012138872668893795
205	20	0.02428184558314262
205	30	0.03643301727697904
205	40	0.04859648292101102
205	50	0.060776332787115576
205	60	0.07297665088970173
205	70	0.08520151386175336
205	80	0.09745499012185296
205	90	0.10974113938423506
205	100	0.12206401255419279
205	110	0.13442765203749352
205	120	0.1468360924703231
205	130	0.1592933618458433
205	140	0.17180348297378115
205	150	0.18437047516062915
205	160	0.19699835594237927
205	170	0.20969114264201053
205	180	0.2224528534710731
205	190	0.23528750784909014
205	200	0.24819912559628957
205	210	0.26119172466791274
205	220	0.274269317150139
205	230	0.28743590333662505
205	240	0.3006954638405205
205	250	0.3140519498615551
205	260	0.3275092718975579
205	270	0.341071287343538
205	280	0.3547417875246384
205	290	0.36852448475180005
205	300	0.3824229999532238
205	310	0.3964408513139616
205	320	0.4105814441953157
205	330	0.4248480623784477
205	340	0.43924386046577046
205	350	0.45377185706156764
205	360	0.4684349281724634
205	370	0.48323580014041834
205	380	0.4981770413115201
205	390	0.5132610515783611
205	400	0.5284900488699446
205	410	0.543866051607274
205	420	0.5593908560554691
205	430	0.5750660074235896
205	440	0.5908927634467724
205	450	0.6068720490957045
205	460	0.6230044010630581
205	470	0.6392899008822868
205	480	0.6557280961810651
205	490	0.6723179110949085
205	500	0.6890575499500746
205	510	0.7059444042211543
205	520	0.7229749832923638
205	530	0.7401449076731159
205	540	0.7574490325511053
205	550	0.774881813513485
205	560	0.7924380842014663
205	570	0.8101144738202024
205	580	0.8279117051613724
205	590	0.8458378802145895
205	600	0.8639124192520685
205	605	0.8730153677682166
205	610	0.8821694447659083
205	615	0.89138130483748
205	620	0.9006582917180218
205	625	0.910008110788094
205	630	0.9194383961769692
210	0	0.
210	10	0.012162735053491134
210	20	0.024328986438583715
210	30	0.03650227093181269
210	40	0.04868610626762638
210	50	0.06088401178479481
210	60	0.07309950926659431
210	70	0.08533612402590354
210	80	0.09759738627374255
210	90	0.10988683279095528
210	100	0.12220800889863437
210	110	0.13456447069035365
210	120	0.146959787450519
210	130	0.1593975441363794
210	140	0.17188134374987846
210	150	0.1844148093710518
210	160	0.19700158557539035
210	170	0.20964533891567477
210	180	0.22234975713076516
210	190	0.23511854674755228
210	200	0.24795542879253574
210	210	0.260864132411949
210	220	0.2738483863350183
210	230	0.28691190827857993
210	240	0.30005839258354683
210	250	0.313291496556485
210	260	0.3266148261547023
210	270	0.3400319217502665
210	280	0.3535462447399824
210	290	0.367161165700437
210	300	0.3808799546439432
210	310	0.39470577370692256
210	320	0.4086416723463793
210	330	0.42269058485312344
210	340	0.4368553297426952
210	350	0.4511386103908541
210	360	0.4655430161446066
210	370	0.4800710230669329
210	380	0.49472499344311016
210	390	0.5095071731877115
210	400	0.5244196863094365
210	410	0.5394645255924354
210	420	0.5546435386329769
210	430	0.5699584083003005
210	440	0.58541062658941
210	450	0.6010014607048444
210	460	0.6167319100584535
210	470	0.632602652856515
210	480	0.6486139810971119
210	490	0.6647657235408089
210	500	0.6810571578806469
210	510	0.6974869169612978
210	520	0.7140529008802466
210	530	0.7307522194002519
210	540	0.7475812108090713
210	550	0.7645356179558982
210	560	0.7816110517401376
210	570	0.7988039304965496
210	580	0.8161131206734147
210	590	0.833542443415553
210	600	0.8511039147446952
210	605	0.8599410081317903
210	610	0.8688209094482903
210	615	0.877748535974048
210	620	0.8867294594018639
210	625	0.8957696784088931
210	630	0.9048752980054858
215	0	0.
215	10	0.01214272691895758
215	20	0.02428850379797733
215	30	0.036440382552856844
215	40	0.04860141907172561
215	50	0.06077467534933323
215	60	0.07296322178734777
215	70	0.08517013969590811
215	80	0.09739852401299186
215	90	0.10965148623330483
215	100	0.12193215750764982
215	110	0.13424369183518636
215	120	0.14658926922768864
215	130	0.15897209867615258
215	140	0.17139542070000657
215	150	0.18386250921224934
215	160	0.19637667239551798
215	170	0.20894125226293975
215	180	0.22155962258014122
215	190	0.23423518486245604
215	200	0.24697136223520683
215	210	0.2597715910634767
215	220	0.27263931041083683
215	230	0.28557794956944726
215	240	0.29859091409672056
215	250	0.311681570969207
215	260	0.3248532336062866
215	270	0.33810914758653066
215	280	0.3514524778727403
215	290	0.364886298264088
215	300	0.378413583611408
215	310	0.39203720509402434
215	320	0.40575992857592846
215	330	0.41958441578933053
215	340	0.4335132278493199
215	350	0.4475488304167725
215	360	0.46169359970936863
215	370	0.4759498285083355
215	380	0.4903197313124903
215	390	0.504805447835988
215	400	0.5194090440972481
215	410	0.5341325103984939
215	420	0.548977755508459
215	430	0.5639465963349506
215	440	0.5790407422859961
215	450	0.5942617733772906
215	460	0.6096111109507956
215	470	0.6250899796476717
215	480	0.6406993591452528
215	490	0.6564399241793194
215	500	0.6723119719185449
215	510	0.6883153373263445
215	520	0.7044493006576961
215	530	0.7207124985416021
215	540	0.7371028635920471
215	550	0.7536176411577924
215	560	0.7702535692553243
215	570	0.7870073589458294
215	580	0.8038766634487233
215	590	0.8208617272217764
215	600	0.8379677574713107
215	605	0.846569791904369
215	610	0.8552076185329286
215	615	0.863884351722462
215	620	0.8726036825732522
215	625	0.8813697574241294
215	630	0.8901869813082012
220	0	0.
220	10	0.012086162075511681
220	20	0.02417501833565847
220	30	0.036269265650081504
220	40	0.04837160630060296
220	50	0.0604847507882904
220	60	0.07261142074919792
220	70	0.08475435199375643
220	80	0.09691629766594169
220	90	0.10910003149377942
220	100	0.121308351073623
220	110	0.13354408109561708
220	120	0.14581007637951135
220	130	0.15810922454977538
220	140	0.17044444814004941
220	150	0.18281870588271018
220	160	0.19523499291730043
220	170	0.20769633964573736
220	180	0.22020580897936168
220	190	0.23276649177109066
220	200	0.24538150030410252
220	210	0.2580539598225599
220	220	0.27078699822858493
220	230	0.28358373422995925
220	240	0.29644726438204316
220	250	0.30938064961257966
220	260	0.32238690192290925
220	270	0.335468972008456
220	280	0.3486297385201146
220	290	0.36187199959361405
220	300	0.37519846711287447
220	310	0.388611763960495
220	320	0.40211442427137384
220	330	0.4157088964710473
220	340	0.42939754867129654
220	350	0.44318267583681553
220	360	0.4570665080408554
220	370	0.47105121908065606
220	380	0.48513893474547354
220	390	0.4993317400722686
220	400	0.5136316849931982
220	410	0.5280407878488147
220	420	0.542561036269277
220	430	0.5571943849452153
220	440	0.5719427497377539
220	450	0.5868079974663952
220	460	0.6017919305044807
220	470	0.6168962650199568
220	480	0.6321226013355361
220	490	0.6474723844491138
220	500	0.6629468523766657
220	510	0.6785469698341717
220	520	0.6942733453513611
220	530	0.7101261320815566
220	540	0.7261049181002058
220	550	0.742208623738508
220	560	0.7584354458856359
220	570	0.7747829268589596
220	580	0.7912482786272009
220	590	0.8078291446635898
220	600	0.8245249729727738
220	605	0.832916798097145
220	610	0.8413389898667517
220	615	0.8497928885407924
220	620	0.8582802863823066
220	625	0.8668034110363917
220	630	0.8753648577618475
225	0	0.
225	10	0.011999983483374891
225	20	0.024002407240329843
225	30	0.03600971407979421
225	40	0.04802435189899539
225	50	0.06004877626802084
225	60	0.07208545305271839
225	70	0.08413686107189597
225	80	0.09620549476989759
225	90	0.10829386686743382
225	100	0.1204045109322761
225	110	0.13253998378649975
225	120	0.1447028676420261
225	130	0.15689577183010883
225	140	0.16912133396792284
225	150	0.18138222038853286
225	160	0.19368112565262816
225	170	0.20602077096712243
225	180	0.2184039013584964
225	190	0.23083328149266322
225	200	0.2433116900984069
225	210	0.2558419130366607
225	220	0.2684267351595949
225	230	0.28106893121333176
225	240	0.2937712561448622
225	250	0.30653643526612334
225	260	0.3193671547905723
225	270	0.33226605327915765
225	280	0.34523571451029755
225	290	0.3582786622099098
225	300	0.3713973569630226
225	310	0.3845941954772494
225	320	0.3978715122014395
225	330	0.41123158314296626
225	340	0.4246766315835672
225	350	0.4382088352887985
225	360	0.4518303347387557
225	370	0.4655432418896766
225	380	0.4793496489942856
225	390	0.49325163705332636
225	400	0.5072512835377002
225	410	0.5213506690848849
225	420	0.5355518829205911
225	430	0.5498570267882302
225	440	0.5642682171408379
225	450	0.5787875852653345
225	460	0.5934172748485218
225	470	0.6081594361949717
225	480	0.6230162158583618
225	490	0.6379897397687628
225	500	0.653082086939615
225	510	0.6682952494697911
225	520	0.6836310726900849
225	530	0.6990911672222996
225	540	0.7146767827026165
225	550	0.7303886329327351
225	560	0.7462266675624111
225	570	0.7621898036694043
225	580	0.7782756732524759
225	590	0.7944805219183445
225	600	0.810799504315932
225	605	0.8190002136831845
225	610	0.8272276985722077
225	615	0.8354816505779304
225	620	0.8437620388291468
225	625	0.852069189104523
225	630	0.8604038415860564
230	0	0.
230	10	0.01189051500255346
230	20	0.02378330768601198
230	30	0.035680657197720074
230	40	0.04758484561077052
230	50	0.05949815936725534
230	60	0.0714228906928818
230	70	0.0833613389651038
230	80	0.09531581201002694
230	90	0.10728862729516303
230	100	0.11928211297623544
230	110	0.13129860874658794
230	120	0.14334046642941572
230	130	0.15541005024526292
230	140	0.16750973668325136
230	150	0.17964191390441184
230	160	0.1918089806108135
230	170	0.20401334432807236
230	180	0.2162574190693568
230	190	0.2285436223795723
230	200	0.24087437179676047
230	210	0.2532520808119778
230	220	0.2656791544577382
230	230	0.2781579847017978
230	240	0.2906909458637936
230	250	0.3032803903018525
230	260	0.3159286446288495
230	270	0.3286380067088157
230	280	0.3414107436552696
230	290	0.35424909100222
230	300	0.3671552531529218
230	310	0.3801314051354207
230	320	0.39317969561824584
230	330	0.40630225107096923
230	340	0.4195011809007648
230	350	0.43277858336492114
230	360	0.44613655204867303
230	370	0.459577182713277
230	380	0.4731025803525859
230	390	0.4867148663459906
230	400	0.5004161856512513
230	410	0.5142087140443776
230	420	0.5280946654614881
230	430	0.5420762995395197
230	440	0.5561559294664751
230	450	0.5703359302166435
230	460	0.5846187471494595
230	470	0.5990069047382846
230	480	0.6135030147810353
230	490	0.6281097827243991
230	500	0.6428300094740812
230	510	0.6576665839569258
230	520	0.6726224582289858
230	530	0.6877005914856729
230	540	0.702903841128413
230	550	0.718234768050382
230	560	0.7336953111659505
230	570	0.7492862803889301
230	580	0.7650066366923175
230	590	0.7808526097549542
230	600	0.7968168983249753
230	605	0.8048400990244309
230	610	0.8128885152943798
230	615	0.8209604143509783
230	620	0.8290541157360246
230	625	0.8371681483825292
230	630	0.8453014212829987
235	0	0.
235	10	0.011763323844761952
235	20	0.023528842401423503
235	30	0.03529874987705638
235	40	0.04707523944191294
235	50	0.058860502643769415
235	60	0.07065672874339987
235	70	0.082466103948202
235	80	0.09429081052421569
235	90	0.1061330257712765
235	100	0.11799492085234142
235	110	0.12987865947555743
235	120	0.1417863964380166
235	130	0.15372027605146696
235	140	0.16568243048446785
235	150	0.17767497807035357
235	160	0.18970002164608576
235	170	0.20175964700282256
235	180	0.21385592154181648
235	190	0.22599089323986304
235	200	0.2381665900315579
235	210	0.25038501971384786
235	220	0.2626481704650647
235	230	0.2749580120506974
235	240	0.2873164977565977
235	250	0.29972556705398073
235	260	0.3121871489565787
235	270	0.324703165989305
235	280	0.3372755386472527
235	290	0.34990619019458097
235	300	0.36259705163657774
235	310	0.3753500666955206
235	320	0.38816719663921845
235	330	0.40105042484295655
235	340	0.41400176101330843
235	350	0.42702324506042544
235	360	0.44011695067000106
235	370	0.4532849886927546
235	380	0.46652951053497005
235	390	0.4798527117963192
235	400	0.49325683646132046
235	410	0.5067441820048149
235	420	0.5203171058263792
235	430	0.5339780334791502
235	440	0.5477294692077479
235	450	0.561574009340998
235	460	0.5755143590826582
235	470	0.5895533531714949
235	480	0.603693980632331
235	490	0.6179394132822507
235	500	0.6322930364881129
235	510	0.6467584784094853
235	520	0.6613396297595997
235	530	0.6760406386395607
235	540	0.6908658523426391
235	550	0.7058196578982514
235	560	0.720906144441665
235	570	0.7361284778777857
235	580	0.751487862611711
235	590	0.766982021469595
235	600	0.7826033558564512
235	605	0.7904574906033771
235	610	0.7983374579110145
235	615	0.8062404253879061
235	620	0.8141633383635981
235	625	0.8221031275451612
235	630	0.8300569695647653
240	0	0.
240	10	0.01162317620474287
240	20	0.023248531746994726
240	30	0.03487824264926633
240	40	0.04651447826516113
240	50	0.05815939785114288
240	60	0.06981514703558601
240	70	0.08148385416748237
240	80	0.09316762654159565
240	90	0.10486854651536268
240	100	0.11658866755480926
240	110	0.12833001027255178
240	120	0.14009455854909236
240	130	0.15188425585886134
240	140	0.1637010019521324
240	150	0.1755466500716411
240	160	0.18742300490472816
240	170	0.19933182148539003
240	180	0.21127480526181003
240	190	0.22325361352972886
240	200	0.23526985839994685
240	210	0.24732511141347452
240	220	0.2594209098464836
240	230	0.2715587646562862
240	240	0.28374016991975104
240	250	0.2959666135099758
240	260	0.3082395886598372
240	270	0.32056060598006864
240	280	0.33293120544619226
240	290	0.3453529678518383
240	300	0.35782752524893463
240	310	0.37035656996111566
240	320	0.3829418618589734
240	330	0.3955852337169107
240	340	0.4082885946236477
240	350	0.4210539315706897
240	360	0.4338833094966956
240	370	0.446778870198031
240	380	0.4597428306300243
240	390	0.4727774812151398
240	400	0.4858851848480818
240	410	0.49906837734562587
240	420	0.5123295701507519
240	430	0.5256713561632514
240	440	0.5390964196551385
240	450	0.5526075513336259
240	460	0.5662076697361219
240	470	0.5798998502531804
240	480	0.5936873631064392
240	490	0.6075737214069378
240	500	0.6215627397072611
240	510	0.6356586016266713
240	520	0.649865931187124
240	530	0.6641898545548808
240	540	0.6786360239258107
240	550	0.6932105489547842
240	560	0.707919738426728
240	570	0.7227694949894483
240	580	0.7377641452212969
240	590	0.7529044880099952
240	600	0.7681850515503398
240	605	0.7758737529526036
240	610	0.7835911742991862
240	615	0.7913338098381946
240	620	0.7990976115099285
240	625	0.8068782095910606
240	630	0.8146712284593679
245	0	0.
245	10	0.011474058823925203
245	20	0.02295033754059216
245	30	0.03443104917398751
245	40	0.04591839297041364
245	50	0.057414547415743714
245	60	0.06892166315811306
245	70	0.0804418558349445
245	80	0.09197719882902948
245	90	0.10352971601062907
245	100	0.11510137456020174
245	110	0.12669407800895363
245	120	0.13830965967938422
245	130	0.14994987675424581
245	140	0.16161640524536353
245	150	0.17331083617026777
245	160	0.18503467326963544
245	170	0.19678933260664153
245	180	0.2085761443748393
245	190	0.22039635720091627
245	200	0.23225114515695608
245	210	0.2441416175947372
245	220	0.2560688317839535
245	230	0.2680338081809841
245	240	0.28003754798825575
245	250	0.2920810524954908
245	260	0.30416534354266045
245	270	0.3162914843238631
245	280	0.3284605996798384
245	290	0.3406738950126779
245	300	0.3529326730105684
245	310	0.365238347487431
245	320	0.3775924538196969
245	330	0.38999665568274294
245	340	0.4024527480364647
245	350	0.41496265656196296
245	360	0.4275284339932083
245	370	0.4401522539959337
245	380	0.45283640342563924
245	390	0.4655832739264752
245	400	0.47839535393540705
245	410	0.49127522223228
245	420	0.5042255442451963
245	430	0.5172490724066632
245	440	0.5303486519814087
245	450	0.5435272339657302
245	460	0.5567878969274289
245	470	0.5701338799914066
245	480	0.5835686295801896
245	490	0.5970958628561834
245	500	0.6107196508867652
245	510	0.6244445237733309
245	520	0.6382755973285822
245	530	0.652218714197971
245	540	0.666280577778186
245	550	0.6804688284660055
245	560	0.6947919593565809
245	570	0.7092588837017656
245	580	0.723877854120457
245	590	0.738654348898366
245	600	0.7535876533899462
245	605	0.7611101151485294
245	610	0.7686664960812578
245	615	0.7762531449899457
245	620	0.7838655097944222
245	625	0.7914983227322859
245	630	0.7991459239450213